755 0 39090216 -80.041156 40.377854
1050 1 59259756 -80.04272 40.377863
1199 2 58261088 -80.032778 40.368079
1059 1 53303704 -80.043347 40.389853
1695 3 59669422 -80.0016 40.3857
705 0 58635263 -80.044099 40.380169
1895 4 60123421 -80.02881370000001 40.4021824
950 1 58561433 -80.033722 40.394189
1020 2 56990217 -80.0154 40.3966
850 0 60096939 -80.03746 40.392229
989 2 57000548 -80.009481 40.370097
950 1 53464334 -80.035592 40.390631
750 0 55575646 -80.038242 40.399356
1775 3 60081375 -80.03481 40.402081
1300 2 56473317 -80.018912 40.40009
1200 2 57297339 -80.04449 40.378991
995 1 60321247 -80.044768 40.391932
2000 4 60316470 -79.99971 40.385515
1020 1 57122469 -80.028873 40.391638
1019 1 51537281 -80.043347 40.389853
1650 3 59809171 -80.028502 40.391609
1100 2 57426733 -80.035638 40.39814
800 1 56527720 -80.034097 40.399492
899 1 51055625 -80.036686 40.397551
815 1 58362469 -80.0358 40.4003
1200 2 60089639 -80.03867 40.394676
1200 2 60276756 -80.034946 40.401987
1450 2 60276757 -80.034946 40.401987
825 1 56460426 -80.037045 40.397773
1010 1 56458419 -80.045544 40.381442
919 1 55575650 -80.038873 40.39645
729 0 50746481 -80.044838 40.392049
925 1 55575648 -80.045824 40.383515
1240 2 57668874 -80.04645 40.38115
925 1 59492445 -80.046099 40.386919
1050 2 58440111 -80.044901 40.386342
1100 1 56978860 -80.035089 40.395729
775 0 51186331 -80.046544 40.382739
860 1 56260002 -80.0358 40.4003
775 0 55944325 -80.046 40.3714
1325 2 56447926 -80.029858 40.393132
1400 4 60195275 -80.01463 40.38846
950 1 58733986 -80.043035 40.379324
1795 3 47632488 -80.016109 40.393753
1650 3 58164804 -80.005605 40.372935
2100 3 51858982 -80.039759 40.375826
1130 2 52099536 -80.033641 40.392597
1600 3 46794483 -80.030065 40.374508
1300 2 60217136 -80.013465 40.40036
1750 3 59368912 -80.001633 40.387844
1795 3 58929745 -80.011547 40.377984
1800 3 59979827 -79.999528 40.391448
1595 3 59774029 -79.999528 40.391356
1599 2 59940528 -80.009391 40.391332
1395 2 59710607 -80.022063 40.383672
1600 2 59594074 -80.006361 40.369627
1395 3 59366667 -80.011595 40.376984
3000 4 53871005 -80.036664 40.370148
1600 5 58370318 -80.022107 40.391597
1500 3 57610636 -80.029164 40.401482
1600 5 55532657 -80.022107 40.391597
1225 2 59444093 -80.018004 40.371725
1020 0 59289691 -80.038226 40.419531
1100 1 53915159 -80.034842 40.416031
1550 4 59664265 -80.027213 40.40536
1395 3 59678432 -80.0291031 40.4057942
795 1 60074708 -80.02480400000002 40.4082787
1395 3 59078685 -80.024973 40.4089543
745 1 57916128 -80.024637 40.434828
1075 2 59174836 -80.026429 40.411742
1199 1 51912962 -80.046482 40.411389
1989 2 60097957 -80.034257 40.41723
1400 2 59984765 -80.024921 40.403991
1800 3 60297712 -80.023132 40.436828
1450 2 60296150 -80.040712 40.412336
1025 2 59998409 -80.024937 40.40544
1700 4 48273238 -80.024204 40.436722
1400 2 59190216 -80.023875 40.414611
1195 2 60115912 -80.023341 40.41455
1150 2 60115913 -80.023722 40.414478
1499 2 60000972 -80.026666 40.409587
1495 2 60251077 -80.026447 40.412071
1450 4 50708190 -80.029818 40.404863
1350 2 60203140 -80.026063 40.437833
1250 2 60117567 -80.027223 40.410209
1495 2 59392259 -80.035488 40.407858
2400 4 60099154 -80.023399 40.402872
1595 3 57012926 -80.022119 40.432689
1800 4 59766241 -80.033778 40.40591
900 2 59927320 -80.025455 40.410656
925 2 57981269 -80.026429 40.411823
1850 1 54032477 -80.010262 40.427675
930 1 56471376 -80.014202 40.408059
1400 3 48458079 -80.008619 40.421782
875 1 57891268 -80.010338 40.421274
1700 3 57004216 -79.998615 40.422579
1575 2 60047222 -80.020367 40.412853
1300 1 57339593 -79.999526 40.436776
975 1 59405871 -80.002878 40.42211
1375 3 57893342 -80.019947 40.411717
980 2 56456954 -80.013153 40.406872
1150 2 60156869 -80.006143 40.430019
1275 0 59009886 -80.006272 40.431154
750 0 56465518 -80.020485 40.402599
1450 2 56470417 -79.997574 40.422137
1490 2 57981187 -80.013457 40.422629
1695 3 56445860 -80.0123 40.4293
1175 2 56814915 -80.011768 40.429688
1100 2 60204564 -80.007439 40.421699
1100 1 60204565 -80.000263 40.421629
1000 1 56527351 -80.008853 40.426934
1475 2 60204269 -80.005299 40.425164
1145 2 56343618 -80.011569 40.424646
1300 2 56465100 -80.008941 40.421823
1300 3 57462545 -80.007564 40.420003
1500 3 60203080 -80.000987 40.422655
1550 3 60267260 -80.002152 40.424615
995 1 59592416 -80.017508 40.436961
1208 3 57194923 -79.9985 40.42154
1330 3 59421272 -79.997888 40.418977
1300 2 57063229 -80.001622 40.420556
2500 2 60251142 -80.016966 40.436976
1550 3 50239044 -80.00796 40.427098
1500 2 49868755 -80.008108 40.430154
1400 2 56336199 -80.012192 40.423358
1400 2 60204690 -80.003668 40.423033
1600 3 56336194 -80.013921 40.422248
1900 5 60204687 -79.999604 40.422556
1300 2 56337229 -80.002778 40.41808
1595 3 60204605 -80.010248 40.426332
1625 2 57698773 -80.014338 40.433569
1350 2 56337813 -80.01252 40.423159
1350 2 56345659 -80.012595 40.423137
2000 6 60204322 -79.997667 40.423444
1700 4 56336193 -80.012736 40.428129
1700 4 60204320 -80.000522 40.422579
1500 3 56342004 -80.020334 40.412184
1500 3 56336189 -80.009391 40.426098
1350 2 60203144 -80.012457 40.423185
2725 4 56331119 -79.999589 40.42222
1475 3 57299588 -80.003053 40.43106
1067 1 46966956 -80.010539 40.42722
1295 3 58027527 -80.019381 40.408905
1650 3 56314070 -80.000449 40.421629
1825 3 56338835 -79.997574 40.421986
2075 3 60047227 -80.010789 40.422813
1450 3 56341597 -80.001999 40.423601
1600 3 60047014 -79.997348 40.424707
1800 3 56339386 -80.012676 40.43188
1350 2 60047011 -80.003041 40.431053
2000 4 59979823 -80.00231 40.422061
1695 3 59004474 -80.006481 40.424594
1799 3 59921468 -80.003419 40.422098
1695 3 59925753 -80.013885 40.434292
1250 2 59750383 -80.013904 40.418512
1475 3 59741393 -80.013174 40.419547
1299 2 56729297 -80.007686 40.42442
1330 3 59140275 -79.997888 40.418977
875 1 59539427 -80.00396 40.426185
775 0 59058738 -80.014186 40.43288
1400 2 58298925 -80.012253 40.425318
1325 2 56336195 -80.005746 40.423511
1095 1 52956258 -80.008299 40.428458
999 2 58261085 -79.96368 40.389199
1430 3 59558789 -79.990449 40.38546
900 2 60049528 -79.971852 40.372725
1250 3 53047972 -79.982253 40.389291
995 2 59802372 -79.9738179 40.4007159
950 2 59753187 -79.990253 40.399524
925 1 56383464 -79.990253 40.399524
739 1 57195827 -79.984358 40.37716
799 1 56457391 -79.986459 40.392332
1100 1 60035807 -79.975819 40.376769
650 0 59369391 -79.975819 40.377382
950 1 56547391 -79.978378 40.384288
849 2 56491860 -79.990273 40.399762
1090 2 59576422 -79.978746 40.385253
850 1 58507185 -79.975912 40.369158
1350 3 60311868 -79.981473 40.376452
1600 4 60298538 -79.988216 40.390432
1275 2 55473390 -79.984495 40.373148
799 0 56458398 -79.981147 40.386669
649 0 60238855 -79.980459 40.381358
1350 3 59802075 -79.988934 40.396326
1099 2 54684370 -79.96368 40.389199
899 2 56470088 -79.98172 40.386695
1500 3 59660430 -79.970698 40.384621
995 1 56460081 -79.988439 40.389863
1150 2 51474585 -79.980934 40.380747
1295 2 60262266 -79.975125 40.373651
890 1 59010016 -79.983798 40.384534
1250 2 59881836 -79.977352 40.374036
1495 3 60256757 -79.987688 40.398348
900 1 51512673 -79.98355 40.384204
1895 3 59696957 -79.970925 40.384925
1095 2 57625097 -79.978157 40.39325
1750 2 56208526 -79.972961 40.372429
1500 3 60162902 -79.972852 40.383069
1549 4 60107846 -79.980542 40.383306
1150 2 58089308 -79.972335 40.382763
1350 2 59335598 -79.990137 40.399049
1275 2 59156695 -79.977465 40.383884
1490 1 58890722 -79.985828 40.388641
1535 3 60311865 -79.977138 40.389907
770 1 59322366 -79.985292 40.397705
825 1 50159554 -79.987923 40.418589
875 1 56465523 -79.986798 40.415814
950 1 60204272 -79.988381 40.417774
925 1 60322362 -79.985183 40.416742
899 0 59697315 -79.979449 40.417951
1299 4 58680942 -79.984368 40.410806
1299 2 57063230 -79.996093 40.414276
1250 3 57015007 -79.986007 40.419792
1300 2 60297094 -79.987381 40.419639
850 1 60294208 -79.975173 40.417342
895 1 60294028 -79.98798 40.415753
1400 2 57209860 -79.994011 40.411729
1050 1 57511221 -79.990532 40.409695
800 2 60035801 -79.990491 40.409784
1300 2 56472433 -79.987858 40.411625
900 2 56472434 -79.988253 40.410065
1300 1 60046978 -79.974971 40.417009
1200 2 56465515 -79.987007 40.419786
900 1 56472483 -79.987443 40.415039
999 2 60045085 -79.974624 40.417379
1275 2 58000300 -79.989439 40.420199
800 1 59968496 -79.98778 40.410792
1050 2 58680835 -79.987809 40.414996
1150 2 60204563 -79.974436 40.417154
950 1 56465514 -79.975149 40.417057
900 1 56465106 -79.988244 40.418656
800 1 48978334 -79.989996 40.409666
875 1 60203077 -79.990234 40.412625
725 1 60203076 -79.988842 40.410223
795 2 54733739 -79.995076 40.41812
1395 3 59955412 -79.973746 40.418342
1200 3 59843712 -79.986736 40.409652
1600 4 59285935 -79.993589 40.408438
1350 2 57511235 -79.979505 40.417969
2000 4 60249878 -79.983342 40.417792
1325 3 60249879 -79.979409 40.417968
1600 3 60242551 -79.987283 40.406576
1350 4 59895578 -79.989501 40.4093
1350 4 59886480 -79.989501 40.4093
1649 4 60204892 -79.992762 40.403346
1100 2 56337231 -79.9925 40.419029
2050 3 56348614 -79.973352 40.419944
1850 4 56346864 -79.994632 40.410342
1425 1 60203139 -79.972912 40.420164
1775 3 59182573 -79.994704 40.409053
975 2 60171287 -79.990371 40.403905
1600 2 60047228 -79.995667 40.420055
1300 2 60047223 -79.979079 40.417733
1600 3 56336204 -79.990905 40.418944
1325 2 60045133 -79.974065 40.416806
1350 2 56571365 -79.98998 40.418928
900 1 59034036 -79.989147 40.404614
1450 4 59404966 -79.972649 40.418336
900 2 59868452 -79.991243 40.415969
1275 3 59254509 -79.98466 40.416468
1200 2 57129035 -79.97334 40.419312
1075 2 56742978 -79.987542 40.41208
1795 3 57202753 -79.997062 40.411306
2950 4 49117541 -79.987688 40.429137
1700 4 56465101 -79.985614 40.420483
1404 0 50743731 -79.995788 40.435713
2000 3 56353804 -79.993253 40.423663
1999 4 57095776 -79.986736 40.421594
1150 1 56471650 -79.986473 40.426758
3500 5 60265291 -79.985934 40.427159
1000 1 56454371 -79.997243 40.421852
1025 1 60046977 -79.986244 40.420296
1100 2 59569595 -79.984942 40.424213
1299 2 59170917 -79.992615 40.421675
1995 4 58563475 -79.985495 40.429655
1395 2 56470566 -79.989758 40.428804
1099 1 60045202 -79.993888 40.421388
1195 1 59848359 -79.987677 40.428959
2200 2 60040365 -79.989614 40.427483
2075 2 55401523 -79.986163 40.427202
995 1 56474549 -79.988501 40.428813
1150 2 56465516 -79.987706 40.420796
1500 2 56465521 -79.989381 40.421047
925 1 60204560 -79.985072 40.422483
1100 1 56465830 -79.989873 40.424098
1075 2 56470677 -79.995463 40.420879
1425 3 56465105 -79.994153 40.420318
1350 2 56466024 -79.988342 40.421732
1150 1 56527277 -79.986147 40.420444
1400 2 60204268 -79.987469 40.421902
1050 1 56993649 -79.996594 40.42189
1400 3 57202409 -79.994105 40.421971
1150 1 60204271 -79.989021 40.42128
1100 2 56470009 -79.995924 40.421655
875 1 56465102 -79.994093 40.422237
1150 1 57202782 -79.994009 40.423941
1250 2 56470416 -79.987086 40.421885
2795 4 59404951 -79.986115 40.42622
750 0 56757169 -79.99332 40.428758
2100 3 59826645 -79.985159 40.428941
950 1 59656588 -79.985584 40.428934
1195 1 60265725 -79.987884 40.426521
1499 3 59312394 -79.997149 40.421852
1595 1 57238664 -79.989278 40.429567
1150 2 56469970 -79.986222 40.42034
1500 2 60251664 -79.990188 40.424159
1250 2 56353377 -79.994212 40.422433
1050 1 56465586 -79.993129 40.422199
1300 3 56351481 -79.993967 40.422928
1500 3 60249880 -79.990997 40.421462
2000 2 58330079 -79.985139 40.428663
1200 2 58128002 -79.988342 40.420594
1950 3 60204691 -79.989942 40.424202
1500 2 60204689 -79.995632 40.424369
1750 3 60204688 -79.996206 40.422688
1825 3 60204686 -79.985772 40.422296
1650 2 56336188 -79.986977 40.422248
2000 4 60204685 -79.987577 40.421852
2200 4 60204323 -79.987828 40.420601
1875 4 60204321 -79.99685 40.424813
2550 6 56348618 -79.98586 40.420646
1300 2 60204319 -79.995704 40.420707
1300 3 60204277 -79.994243 40.421655
1775 3 56336206 -79.993024 40.420743
1475 2 56342006 -79.99277 40.420521
1750 3 60203145 -79.99697 40.422663
2075 5 60203141 -79.994332 40.424379
1300 2 60203142 -79.995667 40.422601
1250 2 60203143 -79.995062 40.424358
1800 3 60203136 -79.985599 40.422843
1650 4 60150188 -79.995667 40.422237
1875 3 56470120 -79.98672 40.428632
1725 4 60048184 -79.996371 40.423632
2099 4 56571364 -79.987923 40.420458
2695 4 59404969 -79.989007 40.426902
2300 3 56326943 -79.987374 40.428061
1995 1 59112480 -79.986836 40.426251
1995 1 59112481 -79.986836 40.426251
1995 1 59112482 -79.986836 40.426251
1995 1 59112479 -79.986836 40.426251
1999 2 57597610 -79.986836 40.426251
1299 1 47375408 -79.981915 40.428699
1325 1 53917837 -79.976368 40.425579
1400 2 56469681 -79.975149 40.428251
1500 1 45515913 -79.981691 40.436857
1400 2 58648781 -79.98333 40.426776
995 1 57654602 -79.979746 40.42422
1950 3 57038923 -79.973808 40.427782
1450 1 60081757 -79.981915 40.428699
2500 4 60297620 -79.973894 40.426707
1395 1 60294570 -79.972752 40.423302
1850 3 58563064 -79.978663 40.426144
1650 2 60168290 -79.979138 40.427302
1095 3 60238819 -79.982034 40.427567
795 1 60166698 -79.980021 40.424296
1700 3 57063015 -79.97852 40.426699
1450 3 57001245 -79.984253 40.427615
1650 2 60204562 -79.978125 40.423902
2995 3 60276362 -79.978288 40.424823
1495 2 59404945 -79.980642 40.425867
1550 3 60273815 -79.978246 40.430619
1499 2 59876953 -79.97852 40.424237
995 2 59926755 -79.984263 40.426581
2895 4 59797119 -79.977193 40.427502
799 0 59760729 -79.983021 40.429567
2495 4 60265726 -79.981902 40.426302
2295 3 60262229 -79.982873 40.424918
1195 2 60256739 -79.979626 40.428168
1090 1 60046479 -79.983688 40.426033
1090 1 60046482 -79.983688 40.426033
1090 1 59979862 -79.976006 40.42742
1800 3 56691456 -79.983766 40.429601
2200 3 60059404 -79.978952 40.427458
1100 2 59955757 -79.979169 40.429986
1950 3 59968598 -79.980625 40.430045
1450 3 56354506 -79.972724 40.42354
2400 4 60203138 -79.980307 40.422202
2050 3 60203137 -79.984266 40.422448
995 1 59930902 -79.980159 40.426159
2900 3 59606487 -79.982758 40.426567
1650 3 59302726 -79.97473 40.430189
1500 1 58872550 -79.980836 40.428418
1500 1 58473963 -79.983923 40.428318
1650 3 56458999 -79.982884 40.429782
700 0 59339971 -79.982742 40.42711
2095 3 60113989 -79.983021 40.428369
960 1 60046475 -79.983688 40.426033
1100 2 60045131 -79.979082 40.422098
2695 4 59644008 -79.979335 40.424402
1695 3 56329213 -79.979852 40.427033
2395 4 59403331 -79.983325 40.427823
1800 2 59998242 -79.978701 40.422248
1100 1 59979853 -79.976006 40.42742
1700 4 57065824 -79.979352 40.423675
1480 4 59899533 -79.981222 40.424055
925 1 56473458 -79.973768 40.427296
1995 4 59750239 -79.984283 40.429581
1350 1 59537133 -79.974971 40.426823
1400 2 57167200 -79.981128 40.428629
1795 3 56313556 -79.983951 40.427986
1925 2 49825261 -79.98151 40.4277239
1795 3 59025464 -79.983399 40.425967
1174 0 58907301 -79.966922 40.429137
1400 2 56448128 -79.956026 40.435238
2500 3 59283265 -79.955313 40.435175
2550 1 59701407 -79.968431 40.426959
1500 1 29845436 -79.965971 40.437189
1150 1 57115680 -79.953177 40.43533
1400 2 60267808 -79.965327 40.422458
1450 2 59329711 -79.954525 40.435931
695 0 56445203 -79.951903 40.434786
965 1 56489942 -79.962159 40.434842
895 1 56469528 -79.953981 40.435697
1550 1 55445525 -79.960619 40.425629
2050 3 56477833 -79.967167 40.423663
825 1 60297816 -79.969273 40.422033
1300 2 60047225 -79.970149 40.420971
1725 3 60047226 -79.969041 40.41912
1475 1 56454075 -79.964708 40.423033
1475 2 59279502 -79.955158 40.436149
1550 3 58490695 -79.970579 40.423502
2350 2 56447383 -79.965971 40.437189
1450 2 57227370 -79.972511 40.429061
1400 2 60204561 -79.970409 40.416729
1050 1 56468181 -79.9698 40.416504
1050 1 60204264 -79.961839 40.435286
1395 3 60274297 -79.972051 40.418862
1600 2 59404955 -79.970971 40.427494
975 1 56489147 -79.954669 40.435976
875 1 56459000 -79.953133 40.43727
1595 2 56558982 -79.953981 40.430019
1400 2 59862957 -79.953707 40.436794
1295 2 59925754 -79.954672 40.437192
925 2 59784065 -79.971182 40.417792
2195 3 40320844 -79.9527827 40.4368398
3500 5 59490620 -79.955313 40.435092
1000 1 59533528 -79.949276 40.427537
1895 3 56446616 -79.968954 40.426986
1300 1 59403250 -79.970635 40.423879
1000 1 59138836 -79.954858 40.436256
1500 2 59138839 -79.955087 40.436153
1600 2 59365844 -79.954945 40.434037
2800 3 59279503 -79.954193 40.43533
1525 2 59886332 -79.968327 40.425885
2100 3 56475409 -79.965203 40.435164
2600 3 59279466 -79.955102 40.436092
3400 4 59279500 -79.955158 40.436473
3600 6 59285864 -79.953707 40.431092
1800 3 59366243 -79.956499 40.433408
1525 3 57630141 -79.967856 40.421462
2995 4 58398078 -79.952796 40.429967
1100 1 53988986 -79.959322 40.434392
995 2 60224478 -79.959614 40.432557
1595 3 56887831 -79.956849 40.4321
1295 2 57066826 -79.959614 40.432557
1300 2 60216992 -79.956849 40.4321
995 2 56994514 -79.959614 40.432557
850 1 51216618 -79.949731 40.425494
3450 5 56338772 -79.953736 40.430908
3095 5 56349103 -79.952736 40.429918
2295 3 56349102 -79.952736 40.432924
3650 5 56351419 -79.953953 40.430203
960 1 56327134 -79.955489 40.434678
1550 2 60209870 -79.954531 40.433203
1800 3 56465278 -79.968106 40.419709
1500 2 59392260 -79.96874 40.423646
1500 2 60168306 -79.963756 40.420986
3495 5 59638647 -79.953972 40.431636
1535 3 60076008 -79.958293 40.433645
755 1 60076009 -79.958293 40.433645
795 0 57546104 -79.955355 40.434645
2350 3 59645806 -79.955473 40.436434
1575 3 60047012 -79.97234 40.418889
1225 2 60047013 -79.970232 40.421098
1075 3 60045132 -79.971652 40.41612
1600 2 59664002 -79.969327 40.422776
1640 2 56989420 -79.956085 40.435452
1050 2 56489090 -79.95875 40.432154
1975 3 59969544 -79.958721 40.432386
3195 5 56338771 -79.95375 40.430803
805 1 57546103 -79.96135 40.434192
3300 4 59797117 -79.969997 40.424029
1050 2 59645810 -79.95875 40.432154
940 1 59645807 -79.955489 40.434678
1965 3 59645801 -79.954531 40.433754
965 1 59645803 -79.955614 40.436241
945 1 59842085 -79.954572 40.433766
2100 3 59404812 -79.95301 40.431828
1500 3 59383171 -79.969904 40.420934
2075 3 59945968 -79.956064 40.433678
3195 5 56338769 -79.953744 40.430869
2200 4 59329941 -79.971883 40.426502
1500 2 59390578 -79.96874 40.423646
1329 0 54765292 -80.007338 40.455564
1475 0 59915579 -79.999364 40.441908
1415 1 55433806 -80.004686 40.442865
1329 0 56779579 -80.015508 40.453973
1650 1 55318853 -80.000467 40.444124
1609 0 53109023 -80.006178 40.440547
1558 1 59335548 -80.0163 40.453898
1295 3 55981841 -80.022359 40.489825
1713 1 52172131 -80.021158 40.438961
795 1 59336924 -80.0133 40.4826
1200 2 59671509 -79.99877 40.440382
1200 3 59382062 -80.012073 40.484125
1200 3 60325621 -80.026123 40.462541
1695 0 52240790 -80.00149 40.441027
900 2 54777761 -80.032638 40.476565
2200 3 60269071 -80.002095 40.461197
895 1 56681269 -80.00164 40.453911
1450 2 60298453 -79.99854 40.452266
1950 2 59808056 -79.99885 40.452728
1600 3 60250521 -80.042981 40.485783
1595 1 56445838 -80.000522 40.454481
1595 2 59925982 -80.012056 40.485309
1776 2 59686212 -80.033357 40.474788
1550 2 56476707 -80.008505 40.456144
1400 2 59374594 -80.042441 40.481911
1100 1 60167150 -80.042628 40.481969
1645 3 51823912 -80.026726 40.452633
999 0 58651729 -80.022461 40.45304
1300 1 55139373 -79.9991627 40.4433422
1000 2 60277355 -80.012044 40.500847
1299 3 49060916 -80.023371 40.438591
1645 3 56482865 -80.026726 40.452633
950 2 59188475 -80.013039 40.465329
1150 3 59737698 -80.011004 40.467931
1100 3 60097310 -80.01352 40.463292
950 1 60273642 -80.042282 40.443823
1825 2 57141905 -80.017766 40.501232
775 1 59366156 -80.038656 40.477868
995 2 59176506 -80.011206 40.488716
1899 3 59750781 -80.013798 40.45531
1395 2 59269917 -80.008184 40.455388
1354 2 59721834 -80.009822 40.478201
1750 3 58507593 -80.028666 40.468404
1920 3 59414465 -80.026143 40.452025
1575 5 59421268 -80.03381 40.48548
1500 1 60256223 -80.025419 40.455349
1600 2 60237902 -80.001361 40.455414
1500 4 60244108 -80.016806 40.493797
1650 2 60244044 -80.003387 40.460845
1800 1 60237901 -79.999194 40.453358
1100 1 60237532 -79.998748 40.45331
900 0 60226747 -80.014609 40.452453
1295 3 60215864 -80.031045 40.474408
1790 2 59808058 -80.021371 40.45319
1375 3 60209863 -80.034423 40.473079
1500 1 59615892 -80.006895 40.442687
1525 3 56345658 -80.025099 40.439527
3000 4 60170507 -79.998477 40.453129
1400 1 60046713 -80.006895 40.442687
2500 2 59972159 -80.023029 40.489521
2500 2 59972161 -80.023029 40.489521
2500 2 59972162 -80.023029 40.489521
2500 2 59972163 -80.023029 40.489521
2500 2 58846579 -80.023029 40.489521
1400 3 59312773 -80.042308 40.482153
1520 4 60163041 -80.031186 40.471868
2190 3 55532656 -80.006178 40.456645
1950 2 59848261 -79.99885 40.452728
1350 3 60091676 -80.040936 40.441914
1000 2 59533771 -80.008738 40.470338
1600 3 60070861 -80.011262 40.483038
2000 3 59379009 -80.016039 40.464378
1395 3 59712514 -80.012547 40.465058
1700 4 59665577 -80.007579 40.489038
995 2 59507467 -80.038022 40.480973
1395 3 59927324 -80.014098 40.474693
1300 1 47254741 -80.005052 40.456929
1075 2 59873339 -80.046465 40.507238
850 1 49044144 -80.024796 40.453464
1800 3 59191425 -80.026143 40.452025
1700 0 35984818 -80.00385 40.4380532
950 1 57882161 -80.027559 40.452973
1750 3 58502452 -80.028666 40.468404
1575 5 59271811 -80.03381 40.48548
1850 3 59140260 -80.006178 40.456645
1250 0 55429210 -79.974671 40.458657
263 1 59911139 -79.985159 40.442078
2550 2 60310468 -79.982191 40.440543
1200 1 57117857 -79.982599 40.438571
1400 2 58570284 -79.981411 40.467404
875 1 60325620 -79.991059 40.458328
1634 1 52123044 -79.979193 40.453616
1400 0 55429215 -79.975273 40.457302
1300 1 60315132 -79.983368 40.462959
1550 1 49328314 -79.982044 40.438462
1375 2 56469276 -79.987736 40.462527
775 0 55821007 -79.982809 40.465481
2350 0 54017978 -79.9964521 40.4435783
2800 1 57547835 -79.996905 40.443035
1500 4 59853566 -79.994234 40.465798
3200 3 60243684 -79.99277 40.458793
1600 3 59624881 -79.972852 40.438241
900 1 47002683 -79.982381 40.464292
1495 2 59524050 -79.996532 40.457236
1100 2 59822360 -79.980407 40.467979
1999 3 57085457 -79.974157 40.439392
1315 0 41248976 -79.969376 40.4427567
1999 0 59166708 -79.952718 40.454752
1499 1 56483951 -79.957313 40.438465
2800 4 56448655 -79.953568 40.450837
2800 4 59279553 -79.963362 40.440784
940 0 42077668 -79.949398 40.451172
1185 1 59261459 -79.952766 40.452658
1210 1 59255728 -79.949924 40.450849
1910 2 56426777 -79.95289 40.438918
2400 4 51566400 -79.9628 40.440035
1350 3 53878519 -79.949238 40.451973
950 0 60092425 -79.950337 40.451571
735 1 56445557 -79.952629 40.449847
1349 1 45515987 -79.951669 40.450645
875 0 56469527 -79.953972 40.4404
1599 1 55935876 -79.948365 40.450025
1200 2 57619394 -79.952503 40.451855
1499 2 50722936 -79.9568 40.4441
1185 0 55938578 -79.9568 40.4441
1029 0 60175969 -79.948679 40.452602
950 2 60309898 -79.972471 40.445134
1560 0 52172136 -79.948179 40.452898
725 1 59831850 -79.952828 40.450207
2600 4 49273469 -79.965394 40.440559
2099 0 60024399 -79.958704 40.440235
1595 1 56232874 -79.9568 40.4441
1350 1 45550160 -79.965893 40.440612
1175 0 49021572 -79.949499 40.450328
1499 1 55938585 -79.9568 40.4441
3190 4 60166944 -79.9499 40.455414
1650 2 59329705 -79.952718 40.437989
1250 0 56454960 -79.953914 40.453144
1200 0 56475511 -79.9568 40.4441
1960 3 60149111 -79.949276 40.455366
885 0 55441491 -79.95354 40.439423
1450 2 56792726 -79.952555 40.453155
1625 2 45373907 -79.952991 40.450625
1300 1 56446590 -79.950607 40.452134
825 1 60273565 -79.9517305 40.4507632
2250 3 56447180 -79.949179 40.451849
2345 3 59902694 -79.952246 40.439452
736 1 56324431 -79.952669 40.449939
985 1 59645808 -79.956572 40.438949
1190 1 57572184 -79.950071 40.451339
1500 2 59471169 -79.953133 40.438241
999 0 58814661 -79.9568 40.4441
1100 0 56459003 -79.950308 40.450055
2075 3 60251651 -79.956133 40.438164
2095 3 56887832 -79.952849 40.453633
3995 5 60216353 -79.952964 40.43927
1799 2 48331553 -79.952555 40.452414
995 1 59862955 -79.958858 40.441306
905 0 59807290 -79.956923 40.438905
1800 1 59927292 -79.951607 40.453183
2335 2 57476567 -79.951607 40.453929
2250 2 59672156 -79.951607 40.453183
2335 2 55962699 -79.951607 40.453929
2250 2 59348862 -79.951607 40.453183
1600 1 56158786 -79.951607 40.453929
1499 2 58986388 -79.952555 40.452414
1325 0 50251099 -79.970029 40.439722
1800 1 29655047 -79.966862 40.463648
2350 3 53235407 -79.961482 40.471992
886 0 52174780 -79.965224 40.469062
1350 2 60251412 -79.950634 40.465931
1950 1 53446165 -79.959274 40.471544
2299 2 58500979 -79.966862 40.463648
2050 2 56445022 -79.961597 40.469462
945 0 56474557 -79.965589 40.456872
2000 2 60316931 -79.96588 40.464292
1500 1 60316933 -79.965856 40.4643
1500 2 56541700 -79.965303 40.457633
1695 2 60296460 -79.956189 40.470754
2350 2 60295419 -79.949942 40.460145
2000 1 60295421 -79.949942 40.460145
2400 3 56631223 -79.957531 40.471732
1095 1 60265730 -79.959051 40.472868
2195 2 58712839 -79.961401 40.472551
1450 3 59979297 -79.96688 40.458031
1895 1 55444955 -79.956337 40.471669
1164 2 45547385 -79.948582 40.460208
1995 3 58342632 -79.958928 40.473087
1459 2 59876966 -79.948942 40.46018
1300 1 59832937 -79.950429 40.465262
1850 1 50020696 -79.959718 40.471793
1700 1 59286971 -79.956116 40.462803
1770 1 45349230 -79.968589 40.455599
1800 2 59136294 -79.961829 40.4693
2000 3 60251409 -79.950928 40.465989
1650 2 57227349 -79.964303 40.463481
1595 2 60216993 -79.951945 40.459669
1945 4 50746183 -79.956672 40.464329
1550 2 60204604 -79.952655 40.460145
1245 2 60069274 -79.959051 40.472868
1595 2 59586737 -79.959614 40.463798
1475 2 60144949 -79.950992 40.462268
900 1 60142163 -79.962786 40.472187
2000 3 55532668 -79.955349 40.465931
1600 2 59671132 -79.955981 40.468862
1850 4 58461740 -79.969089 40.456746
1700 3 60107056 -79.951349 40.463845
4000 3 60089197 -79.963092 40.465764
1700 2 60088634 -79.9558466 40.4695031
1500 3 53923010 -79.950849 40.460443
1750 2 59116228 -79.955051 40.46338
1950 3 59856527 -79.952158 40.464724
1975 2 59671905 -79.9499 40.463919
1195 2 59225733 -79.958614 40.463119
1650 2 59112023 -79.951788 40.458989
1595 2 56313989 -79.95289 40.462062
2000 4 58208647 -79.955349 40.465931
1600 2 58296087 -79.955981 40.468862
1700 3 56326466 -79.962981 40.455793
900 1 50492598 -79.96288 40.457837
2800 5 58762407 -79.951064 40.462134
1875 2 57610635 -79.950349 40.460104
1760 2 54357694 -79.96268 40.464724
1525 1 56401226 -79.958469 40.477802
1400 2 58650936 -79.950517 40.504619
2500 3 60322339 -79.950489 40.477793
2000 2 59401506 -79.951145 40.482716
1790 3 59773341 -79.952202 40.480521
1350 2 60296168 -79.99465 40.488177
950 1 60035810 -79.972663 40.480077
1050 1 56546268 -79.970065 40.478079
1350 1 59821684 -79.954099 40.481214
1550 2 59832934 -79.951903 40.482272
1650 2 59669829 -79.953525 40.480555
1395 3 60256660 -79.978044 40.480659
1475 1 60249947 -79.970378 40.479953
1500 2 60226590 -79.980736 40.480736
2900 4 59459555 -79.949276 40.478793
1695 1 60066440 -79.950914 40.48283
2995 4 59684658 -79.960401 40.473135
1150 3 59678073 -79.970687 40.47984
1495 2 59633503 -79.957872 40.475338
1350 0 55416282 -79.906878 40.407784
1395 1 44009064 -79.903076 40.414398
1340 1 58957241 -79.927459 40.437292
1409 2 58534247 -79.941109 40.410095
1409 2 57574361 -79.941365 40.402938
2395 4 59536576 -79.930369 40.426402
1525 3 59536573 -79.905438 40.383458
1250 1 56355503 -79.92628789999999 40.43241949999999
1650 3 59536570 -79.918066 40.368903
2250 4 58762897 -79.923944 40.431591
2150 3 52615018 -79.93083 40.430976
1600 3 59440222 -79.930738 40.422902
1725 3 15277651 -79.9147720336914 40.43193
1795 3 60039281 -79.923713 40.432452
1195 1 55474069 -79.927459 40.432908
1520 3 60229140 -79.938934 40.424502
995 2 60224479 -79.947782 40.427137
1195 3 60327042 -79.899497 40.404219
750 2 58362456 -79.9046 40.3964
2650 4 58499109 -79.917761 40.436189
1400 3 57878366 -79.928944 40.426388
925 0 60250259 -79.927664 40.43027
900 0 57227144 -79.922747 40.429102
1250 1 59875496 -79.921702 40.436238
900 1 59868683 -79.92057 40.437203
975 1 59190237 -79.942682 40.425358
1319 1 56535739 -79.927962 40.437227
1175 1 56321354 -79.910784 40.405743
1800 3 52697349 -79.90159 40.404495
1800 3 52697371 -79.90159 40.404495
1800 4 59552503 -79.900768 40.391278
1149 1 60298462 -79.905022 40.401899
2100 4 60295657 -79.911639 40.404294
1950 3 60295641 -79.907438 40.404006
1450 3 60295636 -79.903333 40.384225
1450 3 60295560 -79.906479 40.401922
2100 4 60295557 -79.900953 40.405019
2100 3 60295556 -79.903705 40.405006
1625 3 60022579 -79.916912 40.432645
2900 3 60294875 -79.917004 40.424402
2100 3 59593891 -79.92561 40.426632
1759 2 56461571 -79.924313 40.433045
825 1 57276197 -79.911879 40.406049
1100 2 60166830 -79.903978 40.408322
1925 3 57523278 -79.924282 40.434423
2010 3 57547311 -79.922702 40.435192
900 1 57211738 -79.941513 40.405478
1543 1 59773017 -79.923826 40.428379
995 1 56571336 -79.923232 40.435571
1350 2 59974033 -79.92972 40.431653
1325 1 56482137 -79.923598 40.434511
1895 2 56471549 -79.925983 40.432786
2149 3 56368488 -79.918842 40.427369
2199 3 53787663 -79.914165 40.436154
2499 5 48331560 -79.921933 40.426521
1899 2 60276690 -79.919565 40.427852
1545 2 58762460 -79.927282 40.433924
2300 3 60149936 -79.935575 40.427318
1695 2 56460855 -79.941578 40.421213
1215 2 57226727 -79.922848 40.428593
1400 3 59831806 -79.901694 40.404482
995 0 56484981 -79.918428 40.433961
1095 1 59950994 -79.929418 40.419611
999 2 56456992 -79.944838 40.388419
1050 1 60022592 -79.935449 40.420085
1105 1 60086803 -79.926644 40.43133
1500 3 60229510 -79.911723 40.40136
1395 2 60216995 -79.933011 40.428433
2250 5 41790524 -79.933294 40.423202
1150 2 56344617 -79.945139 40.408377
1895 3 60069273 -79.927276 40.429999
1900 3 59972158 -79.930145 40.420918
800 2 59846706 -79.92139 40.399749
975 1 60119050 -79.91958 40.433203
2100 3 58317807 -79.931119 40.435348
1499 3 59743103 -79.911217 40.386087
900 1 60148913 -79.899732 40.402695
1100 2 60148914 -79.899732 40.402695
1795 3 60125928 -79.91505 40.431918
1650 3 59517437 -79.925207 40.42111
1750 4 56344944 -79.900099 40.403157
875 1 60077140 -79.903399 40.384358
2200 3 59942103 -79.929796 40.420902
2195 2 59723554 -79.943509 40.419065
893 2 58501409 -79.903899 40.387059
2299 3 59783760 -79.914255 40.436252
1240 3 59539426 -79.915595 40.402796
1195 3 59760334 -79.912684 40.405453
1699 3 48331564 -79.92672 40.430378
1595 3 59747606 -79.851603 40.426918
1500 3 59664264 -79.881247 40.422248
975 3 46983527 -79.874117 40.410642
1100 2 60251828 -79.877517 40.416112
960 1 56847116 -79.884353 40.431557
1395 2 57522497 -79.894926 40.433622
850 1 57593482 -79.8714 40.4373
1195 3 59819884 -79.8714 40.4373
895 1 60299255 -79.882507 40.435857
1400 2 60297939 -79.880638 40.3911
940 1 56758136 -79.874354 40.407649
800 1 59188308 -79.8881 40.4248
780 1 59223775 -79.8714 40.4373
1100 1 54810473 -79.881141 40.435803
850 1 52703333 -79.88696 40.418604
1080 1 57148446 -79.88743 40.436875
1050 2 57312813 -79.885121 40.424761
1065 3 60279250 -79.883034 40.436473
1098 1 34426110 -79.865373 40.433722
950 1 60035814 -79.877553 40.422688
1879 3 60274127 -79.881392 40.421941
695 0 59655862 -79.879553 40.435733
795 1 57426738 -79.892249 40.430227
1100 2 59918891 -79.872994 40.407899
1180 2 59940366 -79.884316 40.432678
1399 1 56455332 -79.877051 40.377776
1200 2 59025788 -79.883677 40.423137
1975 4 60264883 -79.883714 40.418577
1700 3 59992194 -79.872763 40.42207
995 2 58273859 -79.881699 40.42534
795 2 58986054 -79.886169 40.421102
1400 4 60248748 -79.850769 40.370757
1699 3 60229528 -79.852755 40.424629
1900 4 59457387 -79.883872 40.42854
99900 0 59084909 -79.885638 40.421202
1250 3 60176966 -79.881442 40.417195
1400 3 50557051 -79.886725 40.396989
1000 2 58532816 -79.852245 40.369759
1500 4 60126000 -79.851346 40.370873
1000 2 60076879 -79.887725 40.404164
1390 2 60012884 -79.898013 40.422369
1475 3 59950197 -79.850185 40.370738
1400 4 58530117 -79.88065 40.435961
1200 2 60045200 -79.875852 40.408727
900 1 59772558 -79.894577 40.433164
1175 1 59507619 -79.932619 40.455155
2130 1 30131696 -79.941179 40.453156
970 0 58599161 -79.931027 40.451904
850 0 32991030 -79.936493 40.452746
785 0 60193237 -79.929994 40.449595
1500 1 60268945 -79.9350106 40.4497803
1200 1 58643755 -79.932992 40.452822
1650 1 60251623 -79.934965 40.451693
2350 2 56464350 -79.930437 40.453122
1499 1 52528645 -79.9321 40.453
1745 2 56239738 -79.933869 40.448668
1445 1 57061899 -79.933357 40.448517
1295 1 60320971 -79.925585 40.454481
3000 5 57960504 -79.925503 40.438264
1429 1 56477776 -79.931703 40.455481
1125 1 60299477 -79.93277 40.448699
2475 1 60298902 -79.931342 40.455428
1415 1 56991923 -79.930588 40.451728
1099 1 60297069 -79.934592 40.452713
2250 3 57378663 -79.928486 40.445442
1499 1 56460006 -79.924471 40.452403
2950 3 58561330 -79.933923 40.450266
1200 0 56349816 -79.933619 40.448438
1559 1 56457669 -79.943838 40.453288
1325 1 60066222 -79.944001 40.453645
1965 2 60150397 -79.924115 40.455445
1549 1 56462516 -79.9321 40.453
2010 3 56496974 -79.932213 40.44887
2795 3 60224022 -79.935461 40.454244
1425 1 55473645 -79.932069 40.454669
1099 1 56469694 -79.943408 40.455366
2918 3 48331563 -79.926188 40.440914
1995 4 60098516 -79.932869 40.450288
1110 0 56473442 -79.93471 40.453855
1485 2 56447382 -79.943001 40.453808
2100 3 58881401 -79.930741 40.451969
1695 2 56546400 -79.927585 40.455328
1195 1 56244151 -79.947323 40.453114
1295 1 56323147 -79.942982 40.453366
1150 2 57426735 -79.930692 40.454904
975 1 59791184 -79.930489 40.455129
1495 2 40320925 -79.9341829 40.4548861
2400 3 57006131 -79.931213 40.454464
1995 3 59219772 -79.935689 40.455414
1279 1 54354933 -79.934122 40.454155
1515 2 56606696 -79.926529 40.452888
3100 4 60011561 -79.931908 40.449793
1449 0 60262245 -79.935303 40.448482
2929 3 48331556 -79.939091 40.451713
2650 2 60224477 -79.927933 40.449626
2520 2 60208115 -79.935001 40.453702
7700 8 60201746 -79.933627 40.443979
1590 1 60198385 -79.925101 40.454549
3200 3 56073181 -79.936822 40.448082
3900 3 51843531 -79.935493 40.445124
3600 3 48027343 -79.933233 40.445626
3900 3 55677996 -79.936948 40.445139
3400 3 47898836 -79.936213 40.441561
3900 3 55677995 -79.935869 40.445035
3900 3 48027334 -79.937952 40.44332
3900 3 55555577 -79.936948 40.445359
1490 3 56450557 -79.947798 40.455766
1605 2 58265085 -79.925129 40.456969
1425 2 14286257 -79.936734 40.4594481
850 1 57000691 -79.929975 40.460736
989 0 55074207 -79.943001 40.462736
1895 3 40337464 -79.93068979999998 40.4557424
1798 0 37472933 -79.923296 40.459793
2250 3 56471648 -79.92661 40.455571
1250 2 59927078 -79.92378 40.457221
1850 1 56478739 -79.936313 40.457783
1082 0 60127927 -79.936588 40.457358
995 1 60320644 -79.9287078 40.4685646
850 0 56751735 -79.938545 40.457808
2250 1 57506634 -79.936136 40.457822
2115 2 60067546 -79.944074 40.457272
1399 1 60240496 -79.925155 40.456099
1100 1 56037139 -79.930136 40.472011
2100 2 59267969 -79.925858 40.471216
1129 0 57502814 -79.933727 40.461462
1789 2 56460609 -79.933286 40.462481
1050 1 56979060 -79.946212 40.459937
1199 1 56460129 -79.931286 40.462104
2200 6 58301269 -79.931519 40.470087
1425 2 60296088 -79.931764 40.463234
895 1 60296087 -79.925902 40.469211
1119 1 56464348 -79.924888 40.470921
1199 1 56475078 -79.926132 40.457746
1149 1 56469691 -79.947109 40.461993
1095 2 59684876 -79.926944 40.470471
2890 4 56475485 -79.927459 40.456481
1295 3 59064466 -79.932369 40.460292
1195 2 56474320 -79.934222 40.463378
1099 1 56464341 -79.923223 40.470708
1600 2 56447976 -79.926994 40.46938
995 1 60238877 -79.932934 40.459453
1299 1 56527165 -79.934848 40.45986
1000 1 59644132 -79.928674 40.455774
1250 2 58776578 -79.931046 40.460615
995 1 60166783 -79.937122 40.458328
895 1 57629787 -79.929503 40.472949
950 1 56559291 -79.926702 40.472461
919 0 56462514 -79.939493 40.459388
1225 1 57276373 -79.925519 40.466878
2200 3 60055268 -79.931948 40.462927
1295 2 59900845 -79.929674 40.470582
929 0 56464346 -79.939418 40.46003
1345 1 57645798 -79.927533 40.469021
1345 2 57271117 -79.92972 40.465527
1445 2 59821787 -79.927585 40.471878
1580 2 52906085 -79.93271 40.461527
1129 1 56465213 -79.927644 40.466623
1099 1 56527729 -79.927338 40.466422
1500 2 46230498 -79.925519 40.456068
1585 1 56719914 -79.928037 40.466124
950 1 56931737 -79.934689 40.45908
1575 2 60273405 -79.945527 40.458055
1600 2 58671136 -79.945398 40.462827
1680 0 56690773 -79.941095 40.456602
1195 1 56618999 -79.929304 40.455849
1295 1 59514511 -79.93583 40.458464
1475 1 59645239 -79.932369 40.46103
1345 1 60265729 -79.926264 40.457072
1700 3 57274385 -79.945112 40.464742
750 0 57957568 -79.925115 40.47129
995 1 60262249 -79.934627 40.460862
1960 5 55666112 -79.932493 40.470433
4000 3 60243755 -79.923207 40.458752
1395 1 58119926 -79.943347 40.457911
1720 1 60205169 -79.927646 40.456852
1125 1 48873823 -79.926264 40.469256
1225 1 59193442 -79.926471 40.457937
1795 3 58293002 -79.926264 40.457072
1450 1 60176499 -79.946256 40.459366
1575 1 45106943 -79.926748 40.456388
1565 2 48902617 -79.925547 40.456169
2295 3 60036886 -79.94059 40.461756
2250 5 60013913 -79.932493 40.470433
1575 2 59992271 -79.924659 40.467615
1575 2 59992223 -79.92472 40.466606
2200 6 58299042 -79.931519 40.470087
1825 3 59202282 -79.932457 40.465404
1250 1 58207621 -79.9466 40.4636
1500 2 57572043 -79.94759 40.45931
1731 1 56085603 -79.918395 40.438256
1200 1 60189042 -79.921962 40.452904
3150 6 60224187 -79.9190188 40.47100229999999
1050 2 60311279 -79.91858 40.469736
2150 2 58887376 -79.919747 40.457911
1450 2 36309697 -79.9157699 40.4427123
1450 2 44568101 -79.913214 40.4524295
990 1 56485903 -79.910104 40.452766
850 1 57161074 -79.9177 40.468
4500 5 60319214 -79.920585 40.444703
1540 1 56993666 -79.922067 40.454669
1675 1 56526968 -79.922223 40.457728
1695 2 52547226 -79.909908 40.454599
2000 2 60295271 -79.905324 40.447823
1099 1 56464343 -79.900087 40.448947
1034 1 45358926 -79.9177 40.468
899 0 56477777 -79.920529 40.469592
1795 3 57162998 -79.903889 40.451414
1825 2 58378542 -79.917233 40.447559
1849 3 56368485 -79.914647 40.44332
2025 2 48331561 -79.914217 40.441561
1299 3 57947429 -79.904387 40.450025
1125 1 59211559 -79.922313 40.452808
1415 1 48211857 -79.920796 40.454774
1215 1 48652902 -79.921499 40.454366
1100 1 56518781 -79.910674 40.454453
1295 0 57000692 -79.921155 40.473052
1215 1 58918415 -79.914842 40.450172
1799 2 56813054 -79.922199 40.470276
4000 3 60252348 -79.922918 40.458752
2650 3 56413435 -79.910142 40.455855
1655 1 44336628 -79.921802 40.454244
3150 6 60226716 -79.919469 40.470352
1750 1 45660374 -79.919695 40.454956
1565 2 47242258 -79.920188 40.456472
1685 2 48678784 -79.922561 40.457491
5500 5 59800426 -79.917323 40.472605
2400 3 57980811 -79.909846 40.455288
2000 2 52820260 -79.909358 40.452625
2135 2 45459062 -79.918868 40.45504
2130 2 45733112 -79.920002 40.456414
1050 1 56010473 -79.921826 40.457272
1766 1 50148115 -79.921232 40.453973
1175 3 59126820 -79.905324 40.447823
1175 2 59126821 -79.905324 40.447823
1700 2 58959996 -79.920441 40.456507
1200 1 49045909 -79.9177 40.468
1400 3 59950956 -79.911509 40.463623
2000 2 59927293 -79.909506 40.452766
1800 5 59891125 -79.899205 40.456937
1225 3 53750442 -79.918395 40.467197
1371 2 57649133 -79.904387 40.450025
1695 2 59797540 -79.908899 40.455414
1450 2 58283065 -79.915747 40.442744
1495 2 57250429 -79.919382 40.455415
1409 2 59087322 -79.904387 40.450025
1450 2 53011220 -79.913111 40.452414
1299 1 53299867 -79.921434 40.476201
895 1 58940200 -79.906175 40.491726
1095 3 59737521 -79.943047 40.496467
1000 1 60163063 -79.934408 40.495815
1510 2 60315354 -79.944838 40.484672
1100 0 55063274 -79.921434 40.476201
1600 3 60309799 -79.945284 40.505246
1659 2 56571324 -79.925832 40.487541
1395 3 59925770 -79.940728 40.480541
1350 2 59636723 -79.922343 40.495129
1750 2 56448654 -79.919889 40.477788
1694 1 50746642 -79.905846 40.497649
1250 2 56645709 -79.903399 40.495858
1389 2 56845486 -79.9158 40.4988
1250 2 60026727 -79.925933 40.494797
3200 4 60274489 -79.929879 40.478452
895 1 56484029 -79.935209 40.494815
1195 2 59921369 -79.919812 40.475997
1095 2 59656527 -79.929547 40.474383
2040 2 60251076 -79.926858 40.485842
3095 6 58868975 -79.929802 40.479936
1425 3 60248886 -79.918968 40.494413
1200 1 60225569 -79.930984 40.495531
1350 2 59835770 -79.902166 40.490605
1800 1 58146017 -79.917639 40.476079
760 1 60153291 -79.928751 40.473649
1495 3 59138941 -79.9124 40.474487
825 0 56260840 -79.919509 40.477346
1500 3 57579656 -79.924094 40.500395
865 0 59087321 -79.919509 40.477346
1134 0 59087320 -79.919509 40.477346
995 1 57867935 -79.933375 40.496129
989 0 58720174 -79.919509 40.477346
1640 1 43993340 -79.876583 40.486519
1200 3 48677026 -79.891109 40.463862
1495 3 59047115 -79.89042 40.455752
750 0 60035800 -79.865383 40.459296
949 1 57105264 -79.88861 40.439989
1107 2 50746499 -79.856053 40.497392
1279 1 57045089 -79.887573 40.454625
1249 2 54948462 -79.895334 40.443983
1120 2 57522893 -79.887169 40.440882
1650 3 51897940 -79.86245 40.461683
900 1 60295726 -79.868834 40.447756
1499 2 56461567 -79.896804 40.448231
1895 2 60119685 -79.894409 40.444947
875 1 57107598 -79.893097 40.441078
725 1 57674920 -79.88376 40.446561
795 1 53577560 -79.860478 40.493889
1725 3 56459253 -79.864035 40.444655
999 0 34426113 -79.865978 40.443983
1159 1 56469690 -79.895729 40.44709
1280 2 57470892 -79.887928 40.440762
900 2 59837503 -79.861589 40.465134
995 1 59558084 -79.869235 40.442109
1150 1 55190377 -79.897659 40.489069
1395 2 60240029 -79.897628 40.448179
1395 2 60240030 -79.897529 40.448117
1300 3 60226653 -79.862948 40.465839
1900 4 60205306 -79.851744 40.450491
1195 3 58409269 -79.877938 40.471425
2500 3 59813151 -79.856393 40.505005
1000 2 47244335 -79.876326 40.438828
1300 3 60175744 -79.853472 40.464134
1650 4 60088402 -79.862531 40.444756
750 0 59580108 -79.859346 40.461692
1600 3 60125593 -79.849521 40.462481
900 1 53860625 -79.868834 40.447756
1475 3 60101688 -79.855556 40.456144
1100 2 60074789 -79.86298 40.447561
1495 3 60066655 -79.87389 40.462145
1650 3 51897820 -79.862462 40.4615
1350 3 59580109 -79.859346 40.461692
1350 2 58765914 -79.874117 40.463659
1195 1 59992222 -79.897005 40.448635
1495 3 59902681 -79.862248 40.447082
1300 3 59676869 -79.86598 40.4683
1200 2 49056572 -79.880625 40.444703
1100 2 59384932 -79.893729 40.457172
1200 4 55709787 -79.885263 40.446908
