1600 1 59490601 -73.214746 44.437672
1700 0 59102161 -73.20829 44.454507
3900 4 58368583 -73.187325 44.447832
1750 0 59306511 -73.21749 44.475087
2000 2 58936931 -73.208016 44.465635
1850 1 59102164 -73.210909 44.436875
2550 2 58363762 -73.1883 44.4171
1900 2 60296639 -73.2095 44.418261
1300 0 56457960 -73.210053 44.469575
1650 1 56459892 -73.201033 44.469927
1750 1 56449757 -73.212062 44.469418
1700 1 59619248 -73.212171 44.469347
1675 1 56457483 -73.212968 44.473565
1850 1 56862965 -73.206978 44.458537
2550 2 59295677 -73.191692 44.424332
2750 2 58457437 -73.194562 44.416673
2025 1 58352598 -73.208522 44.45119
2200 1 58737461 -73.202608 44.451169
1650 1 60076129 -73.210412 44.474308
1850 1 56459273 -73.209996 44.475048
1995 2 56460301 -73.215209 44.473461
2100 2 59619252 -73.209099 44.474383
2450 2 59645190 -73.2093 44.4741
2400 3 59414898 -73.210181 44.474682
4000 4 58936928 -73.215265 44.474201
2250 2 58311257 -73.213438 44.415638
1900 0 55919967 -73.202978 44.450585
2600 3 59168024 -73.214885 44.473487
4000 4 59648717 -73.204799 44.471338
1875 0 60096530 -73.208908 44.441784
2650 2 60096529 -73.208908 44.441784
4400 4 59931432 -73.167293 44.456752
3090 3 51171830 -73.216177 44.474529
2000 3 59113706 -73.210339 44.474708
1975 1 59772310 -73.208908 44.441784
2300 2 52536504 -73.212229 44.416312
1900 0 57121386 -73.228596 44.490256
2200 2 59619242 -73.224618 44.487572
1850 3 59569836 -73.236223 44.548808
1700 0 56231226 -73.228261 44.49115
2700 2 57632695 -73.229159 44.48936
1950 0 60086773 -73.228402 44.491262
1700 1 56446504 -73.223344 44.484038
1995 2 59809961 -73.223038 44.484911
2800 3 60140934 -73.245213 44.516069
2100 2 60018091 -73.256329 44.508733
3500 2 59808841 -73.224385 44.485309
2650 3 58906153 -73.210953 44.485077
2400 2 60076130 -73.217528 44.484191
1920 1 59306312 -73.177297 44.493178
2474 2 59321152 -73.182259 44.49135
1837 1 59369646 -73.183572 44.499299
2850 3 58936926 -73.221359 44.483569
2200 2 57333798 -73.217177 44.484763
2650 3 57094744 -73.217048 44.484783
5000 4 57084635 -73.201919 44.480987
1400 0 56979084 -73.209578 44.481987
2600 2 57718634 -73.216693 44.486298
1850 1 56454329 -73.217789 44.482025
3135 3 59638830 -73.210229 44.480336
2200 2 58553932 -73.219484 44.482987
1650 0 59367021 -73.211542 44.481521
1950 1 60311707 -73.211409 44.487398
3400 4 60311708 -73.221219 44.484911
1850 1 60311709 -73.211339 44.487402
1800 1 56462349 -73.207695 44.48122
8200 8 59672973 -73.205599 44.484507
1550 0 56329498 -73.20729 44.486541
2400 2 59619305 -73.216909 44.48605
1700 1 56458969 -73.200799 44.482153
1450 0 56462792 -73.200682 44.482025
2400 2 57074474 -73.218789 44.484451
2400 2 59619249 -73.219484 44.482943
2200 2 59620714 -73.214885 44.488104
1700 1 56481772 -73.211929 44.484911
2300 2 56882797 -73.21732 44.481842
1750 1 58217644 -73.220923 44.485628
2200 2 59619246 -73.215909 44.482434
1475 0 56445662 -73.215953 44.484819
2200 2 59620705 -73.215721 44.484825
1500 0 56457482 -73.219484 44.484434
1700 1 59620688 -73.215992 44.484807
1525 0 56462347 -73.2111 44.483659
1450 0 59608489 -73.217974 44.484722
1700 1 59608488 -73.213265 44.482373
1700 1 58337064 -73.212704 44.485778
1850 1 58719432 -73.218528 44.484451
1800 2 58561954 -73.186821 44.494232
2100 2 33593898 -73.212296 44.482402
1400 1 25947596 -73.208522 44.4785281
1900 2 60013447 -73.203608 44.479763
1500 0 56457481 -73.211128 44.483423
2000 1 59489716 -73.181536 44.483683
1800 3 58563593 -73.216339 44.485572
1500 0 56459285 -73.209494 44.480704
5900 6 59747869 -73.209801 44.480342
1500 1 57146267 -73.211568 44.482398
2000 1 59279435 -73.181377 44.482555
1300 1 60216267 -73.183915 44.49527
1600 1 59101407 -73.210257 44.48801
1700 2 60102450 -73.191073 44.493181
1400 0 60209757 -73.210992 44.482477
2200 3 57669958 -73.213704 44.485191
1375 1 56845121 -73.186723 44.49035
2800 3 59784064 -73.21449 44.489819
1650 1 57310153 -73.183841 44.491545
1650 1 56321663 -73.210458 44.487716
1700 1 59620898 -73.212169 44.488099
2000 2 59619386 -73.221229 44.483272
1350 0 56630157 -73.214014 44.481139
1800 1 56457959 -73.216856 44.476544
1900 1 56462794 -73.215974 44.47937
1700 1 59619250 -73.219423 44.484659
1600 0 59619255 -73.206033 44.48228
2200 2 59620710 -73.217369 44.481736
1750 2 57051160 -73.215747 44.482683
2800 3 59128161 -73.203516 44.479884
2850 3 59137208 -73.207952 44.485519
1500 0 56449246 -73.204457 44.47729
2200 2 58936923 -73.220171 44.487177
1400 1 25985269 -73.211077 44.481002
2750 3 60262182 -73.187338 44.486477
3600 4 58935667 -73.217598 44.486639
1700 1 60239628 -73.219138 44.485663
1700 1 60238793 -73.212138 44.481603
2400 1 60221159 -73.216144 44.483744
1600 1 34906967 -73.205943 44.47937
2175 3 54786538 -73.2142502 44.4824947
2950 3 59384613 -73.19945 44.483104
1950 2 59978720 -73.179938 44.497015
2950 5 57232374 -73.216177 44.483825
2000 2 59619245 -73.211257 44.488756
2400 2 59538365 -73.195692 44.486496
3200 3 34907022 -73.212986 44.485569
3000 3 56602622 -73.217412 44.48328
3150 3 23965501 -73.207776 44.480778
1475 0 47617981 -73.211089 44.48328
3150 3 33944197 -73.210229 44.483236
1800 0 57882353 -73.1888 44.537
1750 1 57981123 -73.174191 44.527704
1750 1 57981047 -73.174787 44.527575
2050 1 59279414 -73.1888 44.5547
2000 1 58148427 -73.175221 44.528779
1550 0 58185834 -73.174844 44.527599
2200 2 56835665 -73.204087 44.540024
1800 2 57681836 -73.202883 44.547079
2000 1 58445070 -73.176093 44.528696
3050 3 56647013 -73.127064 44.501094
1800 1 56338307 -73.106116 44.502743
2600 4 60013448 -73.10586 44.488258
1500 1 53108267 -73.13171 44.500716
1550 1 47498314 -73.113114 44.495815
1670 2 59748516 -73.135989 44.504252
2030 2 59155245 -73.125058 44.515877
2300 2 59416882 -73.105616 44.446065
3500 3 60198058 -73.094271 44.495688
1100 0 60197966 -73.135556 44.503252
1430 1 59560033 -73.102921 44.448041
1600 2 56842882 -73.109722 44.495559
1350 1 46995112 -73.135556 44.503252
1670 2 59974072 -73.134792 44.50446
2300 2 59550114 -73.105199 44.445723
2085 2 59428578 -73.124398 44.515777
