2363 0 33959462 -70.355041 43.617908
3500 2 59689982 -70.245354 43.667639
2140 1 60188944 -70.316647 43.637122
1900 1 60323717 -70.293159 43.686319
2800 2 58838120 -70.246498 43.664919
2225 2 60322952 -70.266297 43.657021
3100 1 59171111 -70.268221 43.654546
1658 2 60321098 -70.262848 43.651072
1575 1 39456360 -70.288238 43.671118
1700 2 52523638 -70.288238 43.671119
1650 1 57376113 -70.251877 43.632038
1700 2 39396621 -70.288238 43.671118
1550 2 47268054 -70.251877 43.632038
1350 1 55948288 -70.282696 43.667862
1600 1 56464300 -70.270309 43.653934
1650 2 57231884 -70.300524 43.69273
1599 2 56021840 -70.288 43.6898
1174 0 5314831 -70.299448 43.692286
1670 0 51616743 -70.284519 43.669919
2048 1 45348968 -70.276661 43.663627
1450 1 57573958 -70.45 43.6938
2200 2 59992182 -70.250314 43.664603
1500 0 60295546 -70.263478 43.653583
1300 0 56558757 -70.2966 43.6588
2450 1 56518397 -70.269562 43.65331
2500 2 60065982 -70.265998 43.647714
1527 1 5460892 -70.276068 43.667759
2400 1 5314836 -70.236075 43.717068
2000 2 60064981 -70.268189 43.649979
1999 1 58358640 -70.305041 43.637628
2495 3 59747905 -70.258013 43.680773
2015 2 5314834 -70.298934 43.691004
1700 2 59856668 -70.346803 43.73411
2000 1 56455098 -70.341018 43.585419
2235 2 56989433 -70.25651 43.653799
2129 2 57434856 -70.2598 43.661
1450 1 60206121 -70.2972 43.667361
1850 1 60276601 -70.26327 43.657416
1554 1 59645340 -70.268492 43.654831
1700 1 57379739 -70.271153 43.655546
3226 4 59862838 -70.373249 43.66883
1850 2 59941799 -70.452464 43.733184
3000 4 51913388 -70.3521 43.5898
2650 2 59306502 -70.333018 43.593188
2400 2 60025187 -70.291367 43.67097
1770 2 60087979 -70.289042 43.659007
3500 3 60265141 -70.340617 43.690733
2213 1 55194073 -70.259681 43.651789
1650 2 59131408 -70.381804 43.677233
2750 1 59797186 -70.255369 43.670146
3500 4 60251605 -70.29147 43.721719
2600 1 50407977 -70.268078 43.648238
1585 1 45826113 -70.269956 43.649263
2300 1 57483482 -70.262604 43.656574
1445 1 37036107 -70.27021230000003 43.65676089999999
1892 1 45347262 -70.274731 43.654036
3500 5 59749855 -70.434697 43.685825
2700 2 52946630 -70.344099 43.594341
2800 3 59671557 -70.300878 43.629855
2600 1 56722101 -70.253653 43.657817
2675 3 60117896 -70.266297 43.657021
1800 1 60116283 -70.286602 43.6948
3200 2 60099341 -70.252566 43.660281
3495 4 59697231 -70.269539 43.63107
1800 1 60049452 -70.247774 43.66504
7995 4 58719928 -70.230013 43.644544
2300 2 59979192 -70.265127 43.655066
2950 2 59958257 -70.259055 43.650688
2200 1 59750574 -70.265127 43.658756
4200 3 59621831 -70.244582 43.663645
2100 1 59514448 -70.395063 43.640766
2800 2 43999935 -70.247324 43.666662
2250 2 59382978 -70.306413 43.671502
4000 3 58638436 -70.236118 43.725699
9000 2 58477838 -70.253664 43.656493
1870 2 60276036 -70.265486 43.681769
2050 2 59365998 -70.265754 43.681988
1490 2 60197753 -70.250614 43.670261
1995 2 51453637 -70.2966 43.6588
3300 3 58283915 -70.270796 43.655245
2350 2 60050498 -70.268983 43.648544
1365 1 58835560 -70.28242 43.604253
