1499 1 43628395 -122.376194 47.534565
1595 0 43757565 -122.386436 47.556798
1800 1 56834191 -122.373446 47.581622
1695 0 36825540 -122.3770216 47.5618217
1850 1 54946797 -122.386924 47.5463005
1495 1 56481167 -122.386619 47.550589
2345 2 56680482 -122.386715 47.5473
1002 0 59103961 -122.386225 47.564624
1495 0 57017692 -122.386523 47.548732
1995 2 56570943 -122.374009 47.564343
2095 2 58662229 -122.373468 47.563819
1445 1 56847253 -122.387695 47.543662
2915 2 41222412 -122.384596 47.559602
3745 3 60196042 -122.383515 47.545298
2275 2 60002102 -122.374978 47.564354
1925 1 59833197 -122.387641 47.547313
1695 1 59199568 -122.386577 47.551889
2008 1 56775242 -122.381059 47.559407
1742 0 16556447 -122.385863 47.560624
2244 1 24620500 -122.386397 47.57492
4550 2 59875003 -122.392697 47.524317
3570 1 60268712 -122.401195 47.558516
5000 4 59820437 -122.385142 47.541759
995 0 58125717 -122.372017 47.566318
1495 0 57051416 -122.393278 47.53823
1395 0 58554235 -122.372512 47.565475
1195 1 55444877 -122.38611 47.546474
2650 2 58358647 -122.387523 47.55121
1585 0 53602557 -122.381759 47.561559
2395 2 57550043 -122.374644 47.564354
1895 1 56486815 -122.385968 47.58512
1975 1 58185785 -122.417043 47.575549
1441 1 58865125 -122.381142 47.555426
1695 1 59559573 -122.387596 47.549128
1462 1 58884030 -122.381863 47.558722
1695 0 56336848 -122.387169 47.578821
1750 1 51441008 -122.375929 47.547044
795 0 55444131 -122.375209 47.564304
895 0 57697919 -122.387596 47.548927
1295 1 59416024 -122.377083 47.52397
1725 1 56471343 -122.386607 47.551069
1156 0 56499485 -122.377053 47.565739
1325 1 59583783 -122.386372 47.570821
1250 0 56994198 -122.386436 47.559172
1795 1 55434584 -122.386398 47.573817
1695 1 56444198 -122.381059 47.558288
1575 0 55543547 -122.385844 47.563712
1535 1 51225250 -122.375725 47.563819
None 0 54749429 -122.410312 47.577505
None 0 48843284 -122.371826 47.565278
2395 1 56446220 -122.386596 47.590263
2095 2 60066002 -122.376736 47.531284
2150 1 55904670 -122.387728 47.564535
2495 2 57240573 -122.386484 47.557737
1745 1 56487236 -122.386484 47.555202
2095 2 58765390 -122.387669 47.546401
2245 2 59479779 -122.385836 47.589692
2295 2 60297050 -122.401796 47.581396
1795 1 55434219 -122.385999 47.584315
1595 0 60296464 -122.401053 47.582653
2395 2 60296447 -122.401322 47.582323
3195 2 60025507 -122.399243 47.584351
2200 1 60294719 -122.371738 47.569416
2195 1 56244892 -122.38726 47.582799
4995 4 54032618 -122.382214 47.532292
1650 1 57240601 -122.386655 47.588622
1095 0 60089307 -122.409075 47.579176
3296 2 54144290 -122.386419 47.560126
1495 1 60224566 -122.386981 47.53931
995 0 60108988 -122.381863 47.559069
2650 2 60284012 -122.387715 47.5622
1545 1 57436674 -122.38646 47.555841
1995 2 60276614 -122.377917 47.56508
4500 5 60273617 -122.382242 47.544079
1700 0 55580329 -122.410039 47.567859
1650 1 59582144 -122.381242 47.552188
1700 1 60265716 -122.387169 47.568863
1195 1 57688150 -122.382669 47.549509
3650 3 59461501 -122.386138 47.543847
3650 3 60060209 -122.394063 47.552628
3250 3 60228914 -122.385253 47.530893
4950 3 60226336 -122.408184 47.568642
4300 2 60205499 -122.382919 47.591764
3795 3 59880637 -122.376978 47.530034
1295 0 60081354 -122.381502 47.538401
1650 1 46568865 -122.378508 47.568559
4050 3 58437187 -122.401938 47.581999
1450 1 60026160 -122.377111 47.523085
1465 1 54371090 -122.38611 47.545982
2495 2 59452862 -122.381059 47.558829
1999 1 59367352 -122.371738 47.569416
2400 2 59525219 -122.382695 47.548684
1754 1 57087612 -122.386419 47.560126
1925 1 59846981 -122.387641 47.547313
1650 0 60012657 -122.414258 47.577124
1395 1 60231276 -122.387142 47.575465
1126 0 47294821 -122.388428 47.561801
2059 1 49967584 -122.384596 47.559602
2099 0 44700888 -122.343838 47.532186
3495 3 60323640 -122.34415 47.536536
4400 3 59875415 -122.331106 47.527491
3700 3 60292209 -122.305279 47.5463
2150 2 59950032 -122.362234 47.533893
1550 0 52166689 -122.313914 47.56375
1575 1 55871725 -122.361641 47.541276
1425 1 57427021 -122.361689 47.542676
1590 2 58645728 -122.362994 47.56275
1625 1 60323410 -122.319853 47.547206
3100 3 56349417 -122.326913 47.527085
1650 2 58651671 -122.317269 47.526202
1325 1 55428878 -122.35018 47.533857
1900 2 56347257 -122.348265 47.533857
695 1 59661749 -122.322488 47.530034
2200 2 59644163 -122.359229 47.538851
3500 3 60132168 -122.346459 47.527481
1650 1 60267856 -122.313906 47.564354
2100 1 59570380 -122.317953 47.528288
1395 1 56462819 -122.3545 47.5374
4195 5 60168467 -122.355813 47.537484
3600 4 59837692 -122.316406 47.527607
1595 1 51169205 -122.319868 47.546017
2800 3 59165608 -122.364273 47.526785
1464 1 58541671 -122.371053 47.572246
1587 0 56782576 -122.364939 47.567024
2100 3 59033781 -122.357685 47.568859
3350 2 59511115 -122.337422 47.605483
1565 1 58618535 -122.314269 47.580515
1150 0 55907466 -122.316295 47.583999
3900 1 59875197 -122.316373 47.578627
3600 1 59874997 -122.316373 47.578627
1950 0 57597024 -122.321185 47.576238
1495 1 58319531 -122.310143 47.576593
950 0 52492801 -122.302553 47.585258
3995 3 60298312 -122.302614 47.577024
1395 1 59711285 -122.314051 47.571168
1695 1 60240019 -122.314274 47.578821
1000 0 58980596 -122.328575 47.599789
1609 1 41956844 -122.328496 47.599459
999 0 36440256 -122.327694 47.605905
1890 1 39066690 -122.322967 47.605964
1857 0 64423 -122.327028 47.597004
3070 1 58442593 -122.333573 47.595989
4060 2 59875451 -122.335249 47.600882
2100 1 60292211 -122.328034 47.600295
2040 0 58679203 -122.332292 47.597682
2340 1 59414357 -122.332894 47.597863
995 0 55471066 -122.325432 47.599529
800 0 55444856 -122.323155 47.605005
700 0 56725997 -122.333822 47.602552
2100 1 60325863 -122.328034 47.600295
1250 0 59955745 -122.319785 47.604984
1750 2 52027968 -122.326533 47.601387
2725 2 60288775 -122.327418 47.598104
1710 1 59832672 -122.327418 47.598104
1640 1 60047594 -122.327418 47.598104
1875 1 60047595 -122.327418 47.598104
1525 1 60288772 -122.327418 47.598104
1795 1 60288773 -122.327418 47.598104
1525 1 60288774 -122.327418 47.598104
1740 1 60288771 -122.327418 47.598104
1325 0 56518187 -122.32221 47.604949
2299 2 52332255 -122.325701 47.600699
1850 1 58127426 -122.328034 47.600295
4095 2 53662971 -122.333886 47.599709
1379 0 54733408 -122.331175 47.601543
1525 0 59927203 -122.319785 47.604616
1325 0 60047597 -122.327418 47.598104
4095 2 54194765 -122.333886 47.599709
1550 1 50754522 -122.325701 47.600699
1437 1 57065740 -122.321876 47.605278
1895 1 36969947 -122.333573 47.595989
1999 1 59094116 -122.3280012 47.6002447
1308 0 57065739 -122.321876 47.605278
1450 0 51713241 -122.325701 47.600699
3650 1 59650697 -122.329896 47.600452
2985 2 59538770 -122.320637 47.60078
1800 0 59538784 -122.320637 47.60078
3450 2 59538769 -122.320637 47.60078
2565 1 59538759 -122.320637 47.60078
1132 0 57178298 -122.335145 47.600387
1995 1 53130368 -122.335076 47.600216
5495 0 57029798 -122.333886 47.599709
1200 0 51489489 -122.326099 47.601452
1450 0 52164084 -122.325701 47.600699
1750 0 47294641 -122.32252 47.605957
1250 0 38958220 -122.317739 47.588091
1275 0 55903888 -122.307264 47.603094
799 0 56319931 -122.31333 47.60204
950 0 47300410 -122.319739 47.604806
2500 2 58974240 -122.305595 47.603663
2495 2 60001827 -122.30401 47.600466
1495 1 59176479 -122.315621 47.589486
1495 1 60001593 -122.315621 47.589486
1495 1 60001594 -122.315621 47.589486
1595 0 53601336 -122.308499 47.593132
1850 0 37388223 -122.318489 47.6041
3200 3 60266052 -122.309884 47.596351
1495 1 58275666 -122.309222 47.603738
1540 0 55754778 -122.317081 47.604543
1400 1 58442726 -122.318323 47.60489
1400 1 58442516 -122.316412 47.601922
3550 3 59875780 -122.306167 47.600435
4230 1 59875198 -122.308967 47.601549
3540 1 59875552 -122.311571 47.601525
3450 1 59875225 -122.310268 47.601272
3300 1 59874961 -122.310268 47.601272
2100 2 59820412 -122.313842 47.603672
1830 0 58442444 -122.317809 47.601152
1725 1 60159917 -122.313962 47.602466
895 0 55444122 -122.319038 47.604189
1054 0 55810344 -122.312109 47.597132
687 0 52163563 -122.309319 47.594218
1625 1 55471069 -122.305884 47.601823
1995 2 58943152 -122.318489 47.605539
1595 1 55471619 -122.308048 47.602341
1730 1 55677157 -122.316412 47.601922
1695 1 55884271 -122.314829 47.605984
1695 2 58513278 -122.31518 47.589091
1400 1 55434763 -122.310195 47.598588
1465 1 58900461 -122.311452 47.596592
1282 0 58660123 -122.315944 47.593998
1700 0 58212804 -122.316112 47.605646
2599 3 58762648 -122.304578 47.600314
1595 1 59955758 -122.319038 47.605452
1850 1 60322356 -122.302553 47.600033
1450 0 60322066 -122.317081 47.604543
2215 1 60322064 -122.317081 47.604543
2881 2 60322065 -122.317081 47.604543
1675 1 56348970 -122.316906 47.586528
1650 1 57524714 -122.303005 47.598959
1995 0 57241007 -122.304119 47.601849
3800 3 60295671 -122.313479 47.602922
2775 2 59174831 -122.315739 47.588839
2450 2 59832726 -122.315621 47.588843
2250 1 60293901 -122.302553 47.598263
2400 2 60293293 -122.317948 47.591078
1150 0 55872224 -122.318479 47.602853
1245 0 56744721 -122.313109 47.605881
1495 1 60160451 -122.316906 47.590493
2400 2 42419540 -122.3176135 47.591223
795 0 56477626 -122.313604 47.590476
970 0 56581930 -122.312689 47.598588
1159 0 56449524 -122.31053 47.602979
2410 2 58184193 -122.303614 47.600949
2175 2 56460270 -122.310512 47.60316
1550 1 56756137 -122.310886 47.605979
1495 1 60274037 -122.314436 47.590833
1195 0 55444867 -122.309819 47.589114
1495 0 59425860 -122.314295 47.586228
2550 2 60168448 -122.317923 47.59111
2695 3 58778204 -122.310756 47.598081
2495 2 59844870 -122.305452 47.600253
1595 1 56484079 -122.317489 47.587039
2495 2 60027705 -122.30401 47.600466
1495 1 59205143 -122.315621 47.589486
1595 1 45107542 -122.314239 47.590132
4000 3 59941713 -122.311923 47.589407
2100 2 59541921 -122.313842 47.603672
3195 2 59271354 -122.311077 47.603806
1995 2 59763161 -122.317725 47.604819
1700 1 58236005 -122.317725 47.604819
1395 0 57178300 -122.310756 47.596397
1995 2 57341299 -122.310756 47.596397
1395 0 58011587 -122.378429 47.647982
1400 0 58186734 -122.375468 47.642682
7300 4 60297393 -122.401438 47.64006
1995 2 59479551 -122.387634 47.636497
5730 2 59875597 -122.399045 47.637319
4600 2 59875554 -122.375792 47.6324
2245 3 59941357 -122.374368 47.645584
980 1 54322964 -122.372674 47.639455
1950 2 58174575 -122.375808 47.646301
2645 3 56364399 -122.385958 47.641603
1750 0 60012656 -122.37427 47.64089
3690 3 44821173 -122.3752679 47.6478689
1695 1 56758327 -122.374224 47.63701
1400 1 60309915 -122.373049 47.63933
1899 1 56455281 -122.397932 47.641813
2795 2 30328417 -122.374769 47.63807
1625 0 60047003 -122.37447 47.641361
2095 2 60047420 -122.375376 47.643176
4500 4 60130565 -122.389291 47.646468
5500 4 60231404 -122.413443 47.648263
1899 1 42427980 -122.397762 47.668889
1895 1 56313365 -122.377224 47.648682
1595 1 57582964 -122.384342 47.653188
1395 1 58081451 -122.378049 47.665934
2595 2 60215836 -122.3755 47.667
2125 2 59545667 -122.384968 47.648659
2175 2 57623926 -122.374508 47.648198
1749 1 59145534 -122.390773 47.652955
1919 1 16557316 -122.381428 47.66804
1699 1 39864636 -122.375187 47.654425
1450 0 59809555 -122.382804 47.648182
1775 1 56645758 -122.378249 47.665934
1895 1 56838407 -122.392189 47.652139
1995 1 59429035 -122.383138 47.668078
1395 0 57989838 -122.377438 47.667662
2295 2 60323646 -122.391897 47.653899
1650 1 57647560 -122.401346 47.655637
1495 1 59686111 -122.378651 47.665862
1595 1 60151272 -122.3755 47.667
1800 1 60025455 -122.382607 47.667612
1895 1 60293838 -122.391077 47.652337
2795 2 60026287 -122.380184 47.666459
1950 1 60102137 -122.383138 47.668078
1445 1 55650812 -122.401222 47.659385
1495 1 55472047 -122.391362 47.658655
1999 2 59843890 -122.383739 47.648944
1862 0 57326538 -122.372214 47.668389
2450 2 60216357 -122.400006 47.651637
1002 0 60036173 -122.372713 47.668934
1475 1 59212426 -122.3828464 47.6505626
2250 1 59833036 -122.387822 47.656566
1850 1 47294865 -122.402816 47.657868
4950 3 59851448 -122.401905 47.651385
1750 2 57943869 -122.402019 47.658172
1295 0 59297779 -122.3981 47.6486
1495 1 59127888 -122.374525 47.651469
5300 4 60251584 -122.40191 47.649721
1800 1 60226535 -122.387783 47.652469
2295 2 58368813 -122.372214 47.668389
2259 2 59415678 -122.388836 47.653955
2999 2 59926775 -122.387836 47.654228
1795 1 60059884 -122.380184 47.666459
1680 1 56321185 -122.374135 47.667694
2800 3 57160558 -122.384169 47.651458
2345 1 58368812 -122.372214 47.668389
1645 1 44424421 -122.376438 47.68002
1000 0 56030409 -122.384502 47.67186
3400 3 60076094 -122.374902 47.672588
3295 3 59223098 -122.386822 47.671879
1525 1 59928309 -122.375512 47.67286
1415 1 57424944 -122.387204 47.676212
1838 1 58957780 -122.37639 47.686536
1099 0 56316550 -122.376705 47.673317
1800 1 57664469 -122.377679 47.672879
1715 0 59913539 -122.386655 47.669222
1715 0 16556366 -122.37716 47.669271
1400 0 58442450 -122.374298 47.669078
2090 1 58443189 -122.388822 47.669026
3570 1 59958078 -122.39355597431177 47.684201171417186
5410 2 59875203 -122.40320709638827 47.676490171417186
1170 0 59023371 -122.380336 47.669945
1180 0 56319388 -122.37859 47.669156
1000 0 56339925 -122.375512 47.674317
795 0 55933421 -122.392356 47.669243
1195 0 55787764 -122.385999 47.674052
1395 0 56980765 -122.376512 47.674709
1895 1 56445862 -122.386804 47.671413
1000 0 56497712 -122.375301 47.674046
800 0 55933408 -122.388498 47.671138
2395 2 59560520 -122.375301 47.675046
1130 0 42486236 -122.381551 47.67186
1947 0 52174296 -122.388822 47.669026
1425 1 59078930 -122.375105 47.675779
1625 1 59951618 -122.388291 47.670413
1375 0 59988212 -122.374097 47.670396
2570 3 60323327 -122.389715 47.670691
2050 2 57881306 -122.374696 47.675046
2125 2 56477113 -122.390932 47.670691
1400 1 59877206 -122.379214 47.675573
1800 2 59285883 -122.380138 47.670678
2350 2 56734391 -122.381242 47.669959
2075 2 59384430 -122.386199 47.671413
1295 0 55171971 -122.380138 47.674052
2095 2 60074957 -122.375301 47.675779
1895 2 45577410 -122.382428 47.67186
1495 0 57522476 -122.375713 47.674046
1525 0 56118002 -122.382515 47.669959
2100 0 51448999 -122.387142 47.675629
1795 1 60067558 -122.383087 47.671413
2200 2 57436751 -122.389101 47.671138
1595 1 60297243 -122.375854 47.679329
2350 2 59213259 -122.390932 47.671146
945 0 55444817 -122.379525 47.670678
3650 3 60239499 -122.387816 47.683109
1500 1 60216067 -122.3792 47.6877
1525 0 60283027 -122.382515 47.669959
1595 1 58712148 -122.374224 47.675779
2100 1 60213626 -122.378021 47.668959
1550 1 58419278 -122.384306 47.671138
1725 1 59898764 -122.381728 47.675573
1595 1 56646837 -122.387177 47.676935
1750 1 58125258 -122.382968 47.670684
2245 2 56476052 -122.374298 47.673317
1595 0 60088541 -122.376494 47.687711
2357 1 60264781 -122.382515 47.669959
5350 5 59686478 -122.391167 47.682428
2175 1 60195735 -122.382515 47.669959
2350 2 60157009 -122.375512 47.674779
2066 1 58777372 -122.382515 47.669959
1325 1 59580103 -122.387925 47.684072
1695 1 60047590 -122.398631 47.674563
4500 4 59964483 -122.378187 47.685553
3700 2 59927213 -122.373287 47.681583
1700 1 58135396 -122.37316 47.675438
1495 1 48895054 -122.373888 47.674119
3050 2 58185055 -122.375105 47.67286
2150 1 58185057 -122.375105 47.67286
2430 1 25969438 -122.388073 47.670635
1170 0 47294697 -122.380336 47.669945
1650 0 38584147 -122.35514 47.618744
1875 1 58043294 -122.358397 47.624037
1495 0 44182704 -122.356366 47.621275
1100 0 55434285 -122.354572 47.618331
1645 0 55471507 -122.358937 47.625944
1300 0 56446323 -122.355069 47.619517
2795 2 58849370 -122.355155 47.619653
1695 1 56674272 -122.358937 47.626499
2125 1 33973740 -122.358972 47.620037
1650 0 56547796 -122.36148 47.624847
1325 0 56473085 -122.357103 47.622767
1646 0 16555900 -122.358428 47.620117
1697 0 22915408 -122.360462 47.621488
1620 0 39863543 -122.354503 47.623643
1609 1 48182723 -122.365456 47.624833
1880 0 58692607 -122.360462 47.621488
2680 2 58443136 -122.357125 47.619606
1155 0 55429439 -122.355699 47.620321
1195 0 59189991 -122.355789 47.624066
1195 0 57960420 -122.361001 47.625244
1895 1 56313021 -122.359716 47.621944
1450 1 56792334 -122.357117 47.620429
1495 1 56461417 -122.358372 47.625311
1195 0 57573968 -122.363654 47.624847
1625 1 56315955 -122.355702 47.618843
1780 0 59429092 -122.359716 47.622786
1395 1 56315984 -122.357626 47.625302
1880 1 58162255 -122.35841 47.621446
2350 2 59877111 -122.357125 47.619606
1695 1 53662957 -122.359716 47.622959
1400 0 56249342 -122.354366 47.618268
1795 2 60123754 -122.362581 47.624855
1295 0 57610498 -122.35829 47.626944
2235 0 60035653 -122.355152 47.625502
5265 2 60035640 -122.355152 47.625502
3295 1 60035628 -122.355152 47.625502
3595 2 60035638 -122.355152 47.625502
1862 0 51418969 -122.355802 47.621523
1145 0 51452814 -122.358372 47.626429
1600 1 60309891 -122.361386 47.625643
1375 0 60001826 -122.362308 47.625685
1300 1 60295007 -122.355793 47.622275
3300 2 59401280 -122.365581 47.625432
4200 2 59513737 -122.357004 47.620275
1550 0 59174577 -122.360378 47.62434
1350 1 60292015 -122.35761 47.625037
1500 0 55440295 -122.357073 47.624429
3695 2 52618924 -122.356372 47.622262
1695 0 52618904 -122.356372 47.622262
1275 0 57123368 -122.362308 47.625379
2995 2 57563107 -122.357651 47.622861
1595 1 56536870 -122.362856 47.625244
1795 2 59397630 -122.355893 47.626596
1425 0 59081891 -122.361554 47.625179
2645 1 52618913 -122.356372 47.622262
2000 1 56506079 -122.354388 47.626582
1625 1 58987082 -122.362748 47.623855
1595 0 59655860 -122.36417 47.623819
1900 1 60125257 -122.356318 47.626623
1975 1 53763625 -122.357125 47.61935
1550 0 46988101 -122.357125 47.61935
1680 1 60167431 -122.355466 47.617829
2100 1 59968172 -122.357117 47.620685
1350 1 60150800 -122.35761 47.625037
1850 1 60098588 -122.357125 47.61935
1995 1 60076118 -122.356168 47.618243
2400 1 60066016 -122.362864 47.624356
2850 2 50695965 -122.357117 47.620685
1745 1 59560516 -122.35561 47.626959
3495 2 55153794 -122.359716 47.622959
1798 1 54194704 -122.359716 47.622959
2350 0 53012643 -122.359716 47.622959
2295 2 57699403 -122.363597 47.625074
1912 0 49824125 -122.343279 47.614614
1599 0 58075981 -122.35261 47.616142
1800 1 33496245 -122.346542 47.615389
1259 0 41277783 -122.349823 47.614442
1625 0 60189458 -122.348279 47.612404
1597 0 60297291 -122.340021 47.607643
1325 0 56448699 -122.340328 47.613592
1280 0 56315390 -122.344838 47.613198
1240 0 39016545 -122.343513 47.614304
2995 2 60239314 -122.347755 47.614995
2514 0 58267680 -122.342498 47.611939
1790 0 56772009 -122.348876 47.616751
1528 0 253694 -122.35341 47.615553
1354 0 64264 -122.346902 47.616769
2215 0 24741323 -122.339822 47.610809
1831 0 64347 -122.338175 47.606475
1183 0 16556478 -122.345182 47.615285
2080 0 35733715 -122.348084 47.615912
2740 1 58442529 -122.338292 47.609138
1890 0 58444426 -122.341712 47.614425
2460 0 58679967 -122.342498 47.611939
2059 1 39864256 -122.353701 47.616781
3260 1 59875509 -122.348362 47.613287
29640 3 59874959 -122.345383 47.610735
1612 0 39863616 -122.345659 47.616769
1820 0 58679619 -122.352272 47.614777
1790 0 58883461 -122.351699 47.615606
1750 0 58679729 -122.347165 47.614112
3500 2 60045994 -122.347856 47.614347
757 0 51452485 -122.34697 47.613456
1910 0 58401132 -122.345636 47.615568
2399 2 53263481 -122.350553 47.614285
1650 1 48512979 -122.338657 47.610179
2415 0 58369252 -122.344542 47.615653
1575 0 59772537 -122.344799 47.611465
2150 0 56628596 -122.341712 47.614425
3895 2 60077454 -122.343293 47.616751
1645 0 59286222 -122.344317 47.614061
850 0 55444886 -122.349538 47.615574
1495 0 59018582 -122.345674 47.614411
2576 0 52051489 -122.342476 47.612851
3170 1 51427414 -122.341014 47.614465
2499 1 60309919 -122.352344 47.616442
1845 2 57417056 -122.344726 47.615023
2895 2 57098171 -122.344282 47.611865
2150 0 53662984 -122.341712 47.614425
3145 1 59630288 -122.337188 47.614574
2395 0 60053857 -122.337188 47.614574
1825 0 60231247 -122.342217 47.613533
2472 1 53853614 -122.339854 47.606449
1900 1 60266064 -122.351699 47.615606
3495 2 60262423 -122.348617 47.615439
2995 2 60254913 -122.347755 47.614995
3438 1 59429098 -122.353716 47.614908
2800 2 60205385 -122.347903 47.612689
1920 1 59630310 -122.353716 47.614908
2650 1 56628595 -122.341712 47.614425
1800 0 59415472 -122.344047 47.613895
1900 1 58984239 -122.344712 47.609578
4500 2 47195650 -122.340542 47.610592
4795 2 59630294 -122.337188 47.614574
5595 2 59630299 -122.337188 47.614574
4125 2 56628594 -122.341712 47.614425
9495 3 57623728 -122.341712 47.614425
3019 2 54194774 -122.353716 47.614908
1857 0 42778035 -122.347932 47.625679
1625 0 56350466 -122.347225 47.626613
1399 0 41277776 -122.347066 47.61803
1295 0 56472548 -122.348601 47.625179
1245 0 56448701 -122.353041 47.618047
1625 1 56353936 -122.353769 47.619347
2423 0 54126621 -122.337416 47.619061
2140 0 56764819 -122.341844 47.626596
1924 1 56771343 -122.342735 47.626718
2000 0 34476729 -122.341459 47.620718
3375 2 44793056 -122.348346 47.617168
1772 0 39864232 -122.345787 47.619229
2074 1 39862950 -122.344601 47.618974
2870 1 58679396 -122.340969 47.619868
1850 1 39862878 -122.34068 47.623048
2170 0 58679320 -122.346695 47.619391
5560 3 59875670 -122.34156099852684 47.61940617141719
2250 1 59875736 -122.342787 47.622475
1750 0 58680150 -122.343279 47.622394
1626 0 52171311 -122.344838 47.617796
1506 0 52171333 -122.343079 47.622855
2555 1 50623056 -122.338089 47.619112
1100 0 51015113 -122.348959 47.617974
1100 0 56497970 -122.351172 47.626799
1699 2 54734075 -122.353789 47.625861
1450 0 57562171 -122.347959 47.624759
2120 2 41284834 -122.342844 47.618777
1429 0 35979942 -122.342844 47.618777
3145 3 59822646 -122.345165 47.626102
1495 1 56459931 -122.352372 47.627002
1400 0 60322243 -122.346244 47.617529
2559 2 60286664 -122.351874 47.625262
2550 1 59594735 -122.350564 47.625937
1595 1 57983012 -122.353769 47.619586
1995 1 55050878 -122.346876 47.625002
2103 0 51034380 -122.34619 47.617061
1325 1 56630238 -122.348398 47.617769
1995 0 60244032 -122.340135 47.622381
1636 0 57030540 -122.337552 47.619442
3319 1 50332468 -122.351874 47.625262
1946 0 50332465 -122.351874 47.625262
2084 1 30586308 -122.342844 47.618777
1995 1 59066844 -122.34919 47.617662
2040 2 32188416 -122.342844 47.618777
1395 1 59594901 -122.351172 47.626974
2606 2 31747100 -122.347224 47.620075
1926 1 58167035 -122.337552 47.619442
2065 1 53273628 -122.347224 47.620074
2295 2 57029493 -122.347224 47.620074
3995 2 59880228 -122.337227 47.617533
1700 0 55468292 -122.357089 47.631038
1872 0 51415764 -122.342601 47.627652
1795 1 56322099 -122.356283 47.629832
1450 1 56745031 -122.34297 47.638301
1595 1 60251238 -122.345398 47.635273
2395 2 56958348 -122.341799 47.635234
1660 0 59275500 -122.341932 47.633208
2495 2 58615581 -122.341449 47.633757
1995 1 58554170 -122.346449 47.629096
1495 1 57015027 -122.344543 47.628824
2350 2 56923476 -122.345254 47.627394
4995 2 60086772 -122.362748 47.633284
1795 0 60089296 -122.344008 47.629179
2113 1 56767781 -122.341354 47.632148
2121 1 56767820 -122.341328 47.630208
1320 0 55412804 -122.342279 47.63907
6830 3 59875596 -122.358126 47.641305
3470 2 58679679 -122.343538 47.638731
10330 3 59875336 -122.36584 47.628072
11630 3 59875636 -122.3542107578567 47.63465217141719
1684 0 39863436 -122.346555 47.642046
1095 0 57124459 -122.356307 47.628523
1417 0 51435591 -122.342681 47.630086
1660 0 55434393 -122.341932 47.633208
1234 1 55994621 -122.36128 47.644523
1550 1 56758326 -122.343127 47.634108
1400 0 56462678 -122.365818 47.627767
2495 2 59373727 -122.346681 47.630234
2635 1 52172155 -122.341449 47.633419
1275 0 56510685 -122.357591 47.632086
1495 0 58186728 -122.34562 47.641017
4395 2 59686470 -122.3646 47.628337
2156 1 59054068 -122.343113 47.634445
2245 1 58512514 -122.356056 47.632509
1795 2 60076494 -122.341282 47.635927
1575 1 56674274 -122.358388 47.627429
1395 0 56475611 -122.3679 47.6385
2395 2 58094347 -122.365439 47.632875
1775 0 51415715 -122.341661 47.627718
2495 2 58883065 -122.341449 47.633757
2895 2 60217251 -122.358004 47.647435
2495 2 60001842 -122.361356 47.637159
1800 1 60298877 -122.346282 47.633391
3500 2 60297205 -122.343051 47.635522
2795 2 60296409 -122.3475 47.634223
1795 1 57426491 -122.358802 47.631934
1800 1 56444311 -122.346542 47.628275
3800 2 59762250 -122.347165 47.635489
3400 2 56572129 -122.370738 47.637038
3650 2 59683431 -122.357564 47.629847
1045 0 56343613 -122.356307 47.628294
2200 2 59037687 -122.344542 47.628702
2145 2 58124380 -122.358651 47.647149
2300 2 56476610 -122.352988 47.647412
1795 1 58500677 -122.352972 47.631708
1875 1 59798338 -122.341555 47.637875
2595 1 52861180 -122.354758 47.647098
2595 1 57977005 -122.351402 47.638478
2050 2 60035831 -122.34519 47.628275
2350 3 59750558 -122.367311 47.637371
1700 1 60098597 -122.349932 47.644766
2150 1 56480426 -122.346636 47.631122
2995 2 60276022 -122.343497 47.637662
1550 1 58141609 -122.349244 47.627532
1850 1 56519515 -122.344047 47.630793
1605 1 58581087 -122.368723 47.629432
2700 2 58512761 -122.368571 47.639122
1525 1 55903460 -122.357073 47.628519
1595 0 59127420 -122.3455 47.6297
2195 2 58342285 -122.34415 47.627741
1700 2 56617888 -122.356913 47.628937
2195 1 52861181 -122.347239 47.628679
2495 1 53021554 -122.369988 47.631405
1234 1 51463181 -122.342661 47.632724
2225 1 56506129 -122.342661 47.634445
3350 1 56469240 -122.357029 47.629275
2975 3 60195273 -122.341113 47.636453
1760 1 60252376 -122.359532 47.632038
2950 2 60252372 -122.359532 47.632038
1760 1 52171760 -122.359532 47.632038
1650 1 59564308 -122.343918 47.638041
1600 1 55193862 -122.343918 47.638041
1900 1 60203303 -122.345317 47.629179
925 1 60127858 -122.358972 47.647939
1941 1 51409492 -122.356439 47.647979
1795 0 60101268 -122.344008 47.629179
1895 2 59864875 -122.355793 47.647149
1798 0 50251451 -122.356439 47.647979
5995 4 59926777 -122.35596 47.640291
2995 2 59864018 -122.344008 47.629179
2650 2 58900953 -122.349014 47.643317
1675 1 56522191 -122.362311 47.631992
1375 0 43470684 -122.327488 47.612389
1510 0 40672188 -122.324819 47.616568
895 0 58490748 -122.320348 47.606387
1795 1 59650889 -122.3259109 47.6161333
1603 0 58919589 -122.329755 47.609672
1195 0 55434773 -122.322402 47.614285
2230 0 59100508 -122.319829 47.61323
1095 0 55434767 -122.323018 47.613347
1275 0 56993066 -122.324028 47.610995
1330 0 59108847 -122.323913 47.613198
1425 0 56466742 -122.325914 47.609705
1449 0 59773659 -122.324133 47.613939
1895 0 56318356 -122.325299 47.613425
1495 1 56315982 -122.323732 47.614529
1450 0 56322024 -122.323637 47.616228
1695 1 58971726 -122.325259 47.609979
1447 0 59144971 -122.328621 47.614623
1877 0 16556988 -122.327146 47.615529
1790 0 22915182 -122.324059 47.614586
2280 1 60323780 -122.32964 47.608748
2390 2 59894054 -122.328402 47.608331
1970 0 58679694 -122.32964 47.608748
2190 1 58444417 -122.322396 47.614677
1050 0 56459130 -122.327746 47.612865
1119 0 55444708 -122.327161 47.614529
1195 0 56445642 -122.324202 47.611404
2050 1 53462780 -122.322496 47.613439
1895 1 55471624 -122.329313 47.611728
1995 0 56318355 -122.320302 47.616084
1300 0 55472217 -122.335523 47.611857
1295 0 55437600 -122.330292 47.609452
1950 0 53602581 -122.327147 47.615058
1895 0 56228418 -122.326479 47.615865
1799 0 55433820 -122.324681 47.615623
1295 0 58141059 -122.324819 47.616198
895 0 59416261 -122.326694 47.606964
1125 1 56559307 -122.324418 47.606387
1013 0 58675075 -122.325913 47.616769
1300 0 49654466 -122.3257953 47.612714
1500 1 58828641 -122.328402 47.608331
2295 0 52174564 -122.331813 47.616744
845 0 55430084 -122.324788 47.614517
1450 1 56468115 -122.322656 47.613809
795 0 56362003 -122.325185 47.613411
2143 1 51429757 -122.322715 47.61488
1345 1 56473740 -122.325198 47.613106
1908 0 60058239 -122.321348 47.611411
1295 0 56445653 -122.325229 47.616517
1145 0 56475629 -122.323732 47.614947
2200 1 60092635 -122.326432 47.616498
2395 1 51340330 -122.33537 47.608253
7232 3 59089943 -122.321348 47.611411
6314 2 59297516 -122.321348 47.611411
1200 0 57217743 -122.324807 47.615813
725 0 55444707 -122.324819 47.616012
1475 0 57910230 -122.323103 47.61615
2695 1 51325658 -122.33537 47.608253
3250 2 6467881 -122.328402 47.607387
1250 0 56445641 -122.324775 47.613198
895 0 56444956 -122.328202 47.613179
2500 1 60267361 -122.32899 47.61235
2950 1 54233725 -122.323018 47.613677
7895 2 57230053 -122.33537 47.608253
3500 2 60204991 -122.329259 47.609282
2976 1 57719308 -122.321348 47.611411
2595 1 60149981 -122.326979 47.606791
1999 1 60141748 -122.328129 47.612128
2800 1 59984768 -122.328129 47.612128
1900 1 57800611 -122.325237 47.616084
1598 0 59554073 -122.325237 47.616084
1895 2 59809557 -122.326488 47.613254
1695 1 58990693 -122.325259 47.609979
1950 2 58753196 -122.326488 47.613254
1250 0 43452483 -122.329544 47.623861
3062 0 46948199 -122.334822 47.62302
2423 0 46948233 -122.334848 47.622302
1175 0 57906670 -122.332492 47.623262
1300 0 58039143 -122.332093 47.624432
1957 1 58598552 -122.332611 47.622118
2669 0 56771640 -122.334913 47.617404
1829 1 59610530 -122.332691 47.624051
2529 1 59148049 -122.335008 47.617969
2094 0 22432818 -122.333341 47.620321
1845 0 17811230 -122.333356 47.621311
2110 0 58679732 -122.331508 47.617061
2200 1 58679392 -122.335469 47.622202
4560 1 59875555 -122.33588 47.618738
6320 2 59874753 -122.334403 47.61756
2490 1 58679885 -122.330671 47.620262
3010 1 58444511 -122.33137 47.623283
5870 2 58444833 -122.335478 47.625455
1920 0 58680098 -122.333341 47.620321
1690 0 58444699 -122.330448 47.62491
2317 1 39864282 -122.330061 47.622463
2360 0 58680190 -122.33424 47.619791
1838 0 52174260 -122.332089 47.623283
1395 1 55434225 -122.329518 47.622302
1829 1 60117891 -122.332691 47.624051
2429 1 47451117 -122.335691 47.618969
2045 0 52174322 -122.33137 47.623283
2295 2 59737403 -122.330933 47.62214
2300 1 53724176 -122.333364 47.623283
3400 2 59054060 -122.332691 47.624051
2075 0 59749254 -122.330933 47.62214
2895 1 59429111 -122.330933 47.62214
2170 0 53724173 -122.333364 47.623283
1415 0 57276532 -122.327071 47.619212
2095 2 56463768 -122.322518 47.620455
1450 0 55434002 -122.322807 47.621283
1975 1 58534227 -122.32417 47.617189
1750 1 58118039 -122.321202 47.61888
1888 1 55429438 -122.327637 47.61723
1395 0 57716739 -122.323763 47.617189
1525 1 58662964 -122.321832 47.620233
1600 1 60292107 -122.327496 47.620667
3195 2 58856450 -122.326904 47.621275
2650 2 56444484 -122.322575 47.618228
2150 2 59592464 -122.326034 47.618293
1502 0 64582 -122.321823 47.619648
1950 0 58444670 -122.32044 47.619404
1900 0 58771189 -122.320169 47.617448
1895 1 57367477 -122.326943 47.621158
925 0 58651674 -122.325237 47.617456
1395 1 59822222 -122.322351 47.621613
1625 1 57574273 -122.325923 47.617304
1145 0 56478496 -122.321302 47.621667
1125 0 56448635 -122.326488 47.617865
1295 1 56444957 -122.321843 47.620702
1450 0 56456673 -122.323904 47.617542
1150 1 55431267 -122.327018 47.62008
1295 0 56466513 -122.324923 47.618677
2995 2 56922186 -122.321679 47.618995
1000 0 56470982 -122.327119 47.617712
999 0 56316549 -122.327103 47.618198
850 0 58619797 -122.325229 47.617047
1195 0 55430346 -122.325913 47.61703
1400 1 59919119 -122.322832 47.62091
1575 1 59156111 -122.32621 47.621702
1550 0 56454816 -122.322533 47.619689
1700 1 57878624 -122.32117 47.618633
1395 0 56531683 -122.324458 47.618268
995 0 60012721 -122.326034 47.620667
1839 0 52601775 -122.32052 47.617912
2895 2 56815147 -122.323701 47.621741
1325 0 57018007 -122.323694 47.618268
2495 2 56471012 -122.322755 47.62169
2975 2 54059205 -122.323086 47.618228
1550 0 55434012 -122.323701 47.619974
1895 1 56445650 -122.321694 47.621475
1550 1 56548102 -122.324502 47.621833
1250 0 60298449 -122.323763 47.617366
1500 0 60047052 -122.325667 47.620667
1210 0 56470984 -122.32564 47.619829
1695 1 56349119 -122.324938 47.621499
2300 2 56712384 -122.32438 47.621169
2245 1 56979302 -122.32438 47.621337
1975 1 56445639 -122.321832 47.620401
1550 1 56601355 -122.323694 47.618744
1395 0 56448595 -122.327496 47.621158
1815 1 52855026 -122.323086 47.618228
1850 1 60127729 -122.323938 47.618268
3400 2 56763788 -122.322823 47.62014
999 0 59049658 -122.324396 47.622643
3440 1 45364016 -122.325679 47.623638
1530 0 57355405 -122.323374 47.623379
1195 0 57699045 -122.322715 47.626283
1495 0 60080584 -122.324396 47.622898
1350 0 55471716 -122.322041 47.626233
1795 0 59983812 -122.324274 47.622158
1945 1 59175116 -122.325679 47.623381
1450 0 59914721 -122.323746 47.623499
1350 0 58302932 -122.324943 47.623463
1350 0 56695280 -122.322729 47.623576
2200 2 56240864 -122.32232 47.623379
1845 1 58003910 -122.322732 47.622898
1529 0 39863991 -122.321496 47.623667
11390 4 59878261 -122.327926 47.625116
1920 0 59893694 -122.324396 47.622643
1075 0 56351228 -122.325679 47.622803
1395 1 56674521 -122.323938 47.625311
1795 1 57180447 -122.324952 47.624432
1595 1 56473789 -122.326952 47.623463
1195 0 59416681 -122.323348 47.624652
1395 1 57166959 -122.322518 47.624507
2095 2 58053902 -122.326229 47.622475
3295 1 54001122 -122.327337 47.625415
1600 1 59646202 -122.327129 47.624446
1425 0 56619752 -122.32038 47.622803
2495 2 58050838 -122.327034 47.627169
1550 0 60295966 -122.326967 47.624126
1445 1 58034447 -122.325681 47.623959
1600 1 56464445 -122.326952 47.622558
1895 1 55947455 -122.3228 47.6231
1795 0 56600566 -122.324274 47.622158
2100 2 60167055 -122.323374 47.622158
1795 1 56450794 -122.326351 47.623294
1295 0 59390690 -122.324943 47.622643
1450 0 55472665 -122.323746 47.623499
2200 1 60214263 -122.323701 47.624613
1050 0 59723308 -122.322302 47.624898
1325 0 57087380 -122.324775 47.622321
1440 1 58865062 -122.322302 47.624623
1845 1 58058101 -122.322732 47.622898
1950 0 60081535 -122.322732 47.622898
1950 0 60054162 -122.322732 47.622898
2995 2 59672416 -122.325562 47.624455
1750 1 59570996 -122.325701 47.626429
895 0 56404051 -122.326034 47.6236415
2080 2 59967995 -122.325062 47.6259468
3995 2 59312633 -122.327337 47.625415
1695 1 59414892 -122.31522 47.613112
1685 0 34487305 -122.317479 47.612744
1695 0 51020910 -122.317284 47.616769
1075 0 56349707 -122.311725 47.614728
1295 0 56473496 -122.314631 47.615106
1495 1 59560122 -122.310543 47.612206
1595 1 55471071 -122.318361 47.613974
1425 0 57137668 -122.304106 47.606508
1525 0 55430083 -122.311109 47.611871
1475 0 56246072 -122.319495 47.612324
2000 1 56448596 -122.313157 47.614809
2700 3 59366680 -122.304257 47.607005
1772 0 17811277 -122.316428 47.615047
1987 0 36756803 -122.313742 47.613751
1719 0 17811268 -122.312528 47.615047
3379 2 30192315 -122.313833 47.613112
1873 0 16555972 -122.316357 47.609483
2090 0 59477951 -122.318528 47.613662
1920 0 58442461 -122.311914 47.608238
1854 0 39864617 -122.313157 47.615047
1938 1 39863369 -122.315948 47.615484
1720 0 51452724 -122.311914 47.608238
1330 0 59957999 -122.316543 47.615439
675 0 59202479 -122.310528 47.616272
2200 2 55430357 -122.310412 47.615243
1589 0 57347903 -122.316512 47.614304
2236 1 51435608 -122.314621 47.614947
1455 0 51426489 -122.303087 47.613312
1895 1 51435603 -122.317798 47.615128
1395 0 55434224 -122.313165 47.613128
1795 1 57561429 -122.305 47.6107
1495 1 58401759 -122.309222 47.61435
700 0 55916498 -122.311853 47.611377
1976 1 58102274 -122.316512 47.614304
1295 0 56444204 -122.312347 47.614574
3250 2 60311015 -122.315038 47.611974
3725 2 60310834 -122.31445 47.612047
2345 1 59582945 -122.311109 47.611206
1950 1 43269291 -122.305 47.6107
1195 0 56445640 -122.313143 47.615796
1683 0 51449687 -122.303175 47.612677
2195 2 56558991 -122.309943 47.612728
1495 1 56839668 -122.310604 47.608699
1950 1 57088782 -122.315165 47.616106
2800 2 60114470 -122.313689 47.615439
1395 0 56497153 -122.313109 47.619168
1255 0 60266021 -122.317284 47.616908
1295 0 55434775 -122.303972 47.619009
2345 1 58529942 -122.312719 47.624331
1531 0 60047513 -122.30419 47.618391
1795 1 58543425 -122.318604 47.621321
1950 1 58303227 -122.317269 47.619533
1300 1 58680095 -122.31045 47.62014
1495 1 56475634 -122.305249 47.616895
1950 1 56319310 -122.309205 47.618347
1395 0 56535517 -122.307657 47.619939
2499 1 51445372 -122.306924 47.62422
445 0 44894625 -122.3184711 47.6195718
1395 0 56326890 -122.319208 47.621685
1895 2 58665115 -122.319506 47.622096
825 0 58460865 -122.317498 47.622623
755 0 59832950 -122.315113 47.622861
1295 0 56705215 -122.316585 47.621321
1895 1 58029169 -122.312933 47.624475
1295 0 56246863 -122.319139 47.619465
1350 0 59968379 -122.307752 47.61792
895 0 58360718 -122.316506 47.618023
895 0 56548101 -122.306478 47.618023
1425 0 58602181 -122.315977 47.618498
1190 1 47553801 -122.319 47.620066
1150 0 58640475 -122.308005 47.619908
925 0 45881532 -122.305139 47.618908
2795 1 56607186 -122.319384 47.625179
2195 1 60323196 -122.317 47.621667
2095 1 56488594 -122.310309 47.619908
1795 1 58287987 -122.315143 47.618954
1795 1 56444197 -122.314666 47.617198
1895 1 59832758 -122.313914 47.624102
1795 1 56444202 -122.306999 47.624667
1325 1 58687631 -122.312284 47.623048
1495 0 56444203 -122.315269 47.617425
1645 1 56473787 -122.316028 47.62069
1995 1 57088577 -122.318512 47.62402
2100 1 60249755 -122.313347 47.621799
1950 1 57711044 -122.318069 47.621321
1300 0 60298156 -122.308149 47.620685
2295 2 56313322 -122.307657 47.623643
1795 1 57136043 -122.307038 47.622999
1895 1 57563430 -122.307878 47.619179
1695 1 56559306 -122.309222 47.618728
1295 0 56478494 -122.307752 47.623394
1195 0 57029966 -122.316028 47.620446
1950 1 56723874 -122.308319 47.62302
1595 0 56326897 -122.313274 47.619411
1745 1 56475632 -122.314962 47.623543
875 0 47294873 -122.316498 47.617293
1899 1 59798512 -122.315358 47.624507
2100 2 59697423 -122.318601 47.623068
825 0 55903863 -122.319247 47.620066
795 0 55907704 -122.315239 47.619285
2795 3 59373678 -122.314195 47.624475
1375 0 58275821 -122.306595 47.624532
1595 0 58434152 -122.317051 47.624429
1650 1 58470741 -122.313113 47.618189
1750 1 58204831 -122.316028 47.623356
1895 1 57882518 -122.314977 47.623294
1395 0 59925995 -122.316012 47.624013
1495 1 57409601 -122.316109 47.617813
2245 1 59863112 -122.308564 47.617439
3500 3 58383974 -122.311742 47.621929
2695 2 57372120 -122.314948 47.624803
2165 1 60264692 -122.309205 47.619212
1575 0 57906716 -122.315 47.622179
1995 2 56476602 -122.309218 47.617106
2195 1 56527684 -122.317309 47.619106
1150 0 57409403 -122.317498 47.6197
1180 0 60209637 -122.313247 47.617829
1990 1 47473867 -122.314953 47.624507
4500 3 47076347 -122.319 47.620066
1829 1 54194702 -122.307839 47.616895
3995 4 59749538 -122.304048 47.623367
1900 0 54194701 -122.307839 47.616895
2325 2 58672385 -122.312376 47.61803
1950 1 59434146 -122.317269 47.619533
1364 0 43552803 -122.324859 47.633718
1145 0 56361958 -122.327458 47.637845
875 0 55434380 -122.325059 47.646149
1945 1 53226546 -122.326259 47.645336
1850 1 56478860 -122.327029 47.636675
2695 2 57065788 -122.313543 47.641576
4795 3 58961466 -122.324237 47.636159
2195 1 57240436 -122.325904 47.627429
1425 1 56757176 -122.320458 47.628902
1545 1 57176547 -122.32499 47.636369
2395 2 58566112 -122.327985 47.637749
1790 0 58444467 -122.325496 47.632949
11120 2 59874958 -122.32684 47.632174
4910 1 59874366 -122.32684 47.632174
1495 1 57004330 -122.327402 47.627519
1099 0 51451095 -122.324938 47.636038
1499 0 59452477 -122.323155 47.647721
800 0 58776848 -122.325028 47.641783
1450 0 57067905 -122.327458 47.639056
1699 1 59452475 -122.32332 47.647632
1595 0 60251425 -122.325533 47.638572
1295 0 56535518 -122.3221 47.6344
1550 0 56331548 -122.324967 47.639892
1775 1 58050113 -122.324202 47.645076
4295 2 55434127 -122.318376 47.627718
1595 1 56456674 -122.326533 47.627429
1425 0 60298788 -122.324602 47.645982
1750 1 58027371 -122.325533 47.638793
2095 1 56448317 -122.326259 47.638436
3095 1 53282404 -122.332587 47.6471263
2695 2 59100852 -122.327985 47.638989
1750 0 57391252 -122.306963 47.630422
1825 2 57487616 -122.325002 47.64432
1195 0 56466553 -122.326133 47.636371
3595 3 59620923 -122.30823 47.628523
4695 3 33074006 -122.320558 47.628179
1595 1 57595351 -122.32044 47.640282
1895 1 58635517 -122.323938 47.646698
1800 1 56381459 -122.327458 47.639284
1875 1 54994657 -122.327458 47.639284
1895 1 60239501 -122.319739 47.640882
1995 0 56556409 -122.326259 47.642593
1550 0 59271966 -122.319868 47.628488
2050 2 60205809 -122.32621 47.636603
4200 2 60110432 -122.328799 47.638875
3200 2 60110430 -122.328799 47.638875
2300 1 60110431 -122.328799 47.638875
1480 1 47994534 -122.323611 47.641623
1500 1 60065985 -122.32621 47.636603
3650 2 59945469 -122.31839 47.641198
1150 1 47076344 -122.323807 47.641499
4450 2 56556434 -122.326259 47.642593
2864 1 56556398 -122.326259 47.642593
2995 1 51171601 -122.330057 47.63907
1569 0 55994756 -122.354131 47.652825
1159 0 54421537 -122.370991 47.668118
1295 0 49542868 -122.365093 47.651502
1495 1 57891456 -122.365334 47.668924
1800 1 60001828 -122.346354 47.660148
2195 2 57490267 -122.354272 47.664524
1895 2 56645711 -122.359318 47.653929
1825 0 58944074 -122.351637 47.654207
1350 0 57670384 -122.341398 47.662645
1050 0 56471565 -122.354802 47.653307
2495 2 59842230 -122.350366 47.661086
1750 1 56472994 -122.355716 47.648499
1996 0 59148014 -122.346165 47.649301
2070 0 59875195 -122.35869745858096 47.653593171417185
1510 0 58443104 -122.342066 47.654799
1739 0 39864535 -122.342224 47.651654
3740 2 59875697 -122.356307 47.652955
1850 1 59820486 -122.350344 47.654399
1520 1 60176410 -122.351626 47.653371
2700 1 51429777 -122.350733 47.649993
1993 0 51419992 -122.343039 47.652972
1000 0 58532394 -122.345574 47.657007
2450 2 60296744 -122.342695 47.658698
1195 0 57192427 -122.343141 47.661662
1250 1 56260433 -122.349755 47.657944
1750 2 57894846 -122.354745 47.667934
4095 6 59374164 -122.350685 47.659534
1565 1 51245466 -122.370512 47.654326
1875 1 59955944 -122.351321 47.660845
1625 1 60251035 -122.365939 47.652228
1595 0 60250863 -122.342856 47.654253
1840 1 60322762 -122.349601 47.659899
3500 2 59392674 -122.352922 47.659655
2595 2 59443205 -122.354699 47.661262
2245 1 56319343 -122.357321 47.653139
1749 1 59950951 -122.368939 47.65284
4450 3 60315283 -122.36834 47.666193
2895 2 59806714 -122.369945 47.653433
1525 1 59480155 -122.366418 47.650929
1745 1 59443261 -122.356813 47.648917
1925 0 58943143 -122.348014 47.649965
2300 2 59945338 -122.345293 47.660858
2495 3 59738880 -122.346998 47.664518
1695 1 57006689 -122.346328 47.657546
2325 2 53976155 -122.34042 47.662375
1995 2 60066001 -122.339903 47.649714
1600 1 56487677 -122.349709 47.662701
1695 1 60239093 -122.354769 47.665556
2495 2 59722379 -122.339765 47.666858
1920 0 55434382 -122.342755 47.657007
2351 1 60286656 -122.34115 47.661026
1950 1 60286653 -122.34115 47.661026
2129 1 60286655 -122.34115 47.661026
1045 0 58362879 -122.342803 47.656102
2995 2 58869640 -122.348182 47.656799
1200 0 59030052 -122.346346 47.651972
3095 2 56817679 -122.337254 47.662375
1250 0 59968138 -122.352913 47.660904
2100 2 60108259 -122.363245 47.66018
1295 0 58016265 -122.34919 47.650672
2495 2 58378584 -122.353089 47.653307
2695 2 57577116 -122.347695 47.653934
3200 2 60273640 -122.345876 47.664086
1225 0 57700353 -122.348959 47.652351
1800 0 59773974 -122.355125 47.657929
4080 4 60265054 -122.369627 47.648835
2425 2 60022640 -122.357402 47.661746
1700 0 60022549 -122.351344 47.659149
1095 1 45564260 -122.34636 47.659232
2250 2 59010765 -122.366554 47.65184
1870 0 51440280 -122.343617 47.650899
3095 2 60145051 -122.350366 47.661688
2550 2 60067288 -122.344014 47.655637
1781 0 57029577 -122.343079 47.651469
4400 2 60214718 -122.3495143 47.6581854
4950 3 60144490 -122.368509 47.665889
1895 1 53418098 -122.348328 47.659188
1945 1 43670138 -122.348328 47.659188
3324 2 57077135 -122.343079 47.651469
1145 0 48048439 -122.348959 47.652188
1675 1 60047785 -122.352372 47.65431
1825 2 45908921 -122.358428 47.654649
1800 1 60016637 -122.346354 47.660148
1950 1 59993957 -122.353388 47.661612
1925 1 59832750 -122.351344 47.658803
1595 1 59951221 -122.346346 47.66118
1185 0 46976323 -122.348959 47.652188
2999 1 50104405 -122.34115 47.661026
1650 1 42202656 -122.344947 47.659869
1850 1 59361184 -122.35035 47.654399
1135 0 56616745 -122.345659 47.65684
1645 1 59685425 -122.344182 47.659825
1345 0 42970055 -122.35213 47.654307
2472 1 57029579 -122.343079 47.651469
2650 3 59373995 -122.366689 47.667339
1630 0 54775875 -122.344398 47.653281
1350 1 58081738 -122.366504 47.66765
1795 1 57227452 -122.34042 47.686674
1495 1 59559470 -122.366311 47.673588
17360 6 59875756 -122.3576441364941 47.67395617141719
5060 3 59875443 -122.337936 47.685718
3950 2 59875708 -122.369308 47.669662
1745 0 59863442 -122.364462 47.674396
1599 0 51451886 -122.34362 47.688991
1050 0 56314096 -122.354955 47.679909
1395 0 54296041 -122.354004 47.675668
1350 0 60251044 -122.355069 47.675449
1495 1 57312821 -122.346647 47.682773
2995 3 60316855 -122.352846 47.687953
2750 2 49962402 -122.364334 47.674987
1450 1 59247191 -122.354972 47.688884
1700 1 60295720 -122.345254 47.687884
3275 2 59415766 -122.364689 47.67982
775 1 60167695 -122.352449 47.672949
1395 1 58580946 -122.345014 47.686743
2550 2 60249794 -122.349254 47.68308
1695 1 58513433 -122.345224 47.681578
1450 1 60204650 -122.366856 47.673588
1495 1 59415221 -122.3441 47.6726
1495 1 57943870 -122.354733 47.674344
4000 5 59844150 -122.366562 47.669204
1395 1 55253793 -122.347468 47.680904
4445 3 59763487 -122.352344 47.678963
2850 2 60108207 -122.342079 47.687988
5595 4 59455352 -122.345279 47.684977
4095 4 59418483 -122.339627 47.685707
3250 3 59536727 -122.367597 47.685459
5000 5 59592238 -122.355626 47.686699
899 0 43978458 -122.333636 47.661847
1379 0 41277818 -122.323469 47.661694
1450 0 52607757 -122.3206061 47.6600526
1595 0 45213033 -122.320715 47.651493
1895 0 45213001 -122.321755 47.650245
1650 1 57434986 -122.336854 47.661612
1700 1 57947758 -122.336894 47.66118
3495 2 59582274 -122.335886 47.668459
2100 2 58762733 -122.321229 47.659102
2300 3 56559267 -122.320155 47.660281
1845 1 56518724 -122.333341 47.668218
1662 0 59429361 -122.336611 47.656018
2995 3 59513220 -122.321086 47.650534
1475 0 56535702 -122.321432 47.650825
2100 2 57512029 -122.32021 47.657737
2870 0 59875264 -122.32706044552283 47.65441917141719
5120 3 59875565 -122.32270144068517 47.654725171417184
2143 0 52174435 -122.335478 47.648263
1292 0 58693289 -122.336548 47.66083
1195 0 55444604 -122.321161 47.656425
2995 2 51480083 -122.321621 47.650583
705 0 56453327 -122.321099 47.660011
1700 0 56995623 -122.320611 47.659622
1209 0 56818827 -122.323213 47.650596
1850 2 58723395 -122.323198 47.668731
1462 0 60275802 -122.321161 47.658402
2025 2 60066037 -122.320967 47.650672
1695 2 58004243 -122.320103 47.659172
1695 2 58016347 -122.320518 47.658546
1000 0 60047431 -122.320366 47.666556
2550 2 56715670 -122.320018 47.657737
1801 0 51431651 -122.333303 47.648347
1890 1 58490843 -122.324041 47.655364
866 6 56316906 -122.321161 47.656868
1550 1 60275868 -122.336705 47.648747
1450 1 59513930 -122.320119 47.658552
2195 2 59080138 -122.320518 47.658214
1995 1 59843864 -122.332866 47.650291
690 1 60252032 -122.323823 47.65611
4750 4 59989235 -122.325823 47.661934
1895 1 57174443 -122.334264 47.649665
5600 7 56342027 -122.320366 47.666662
2904 3 41168996 -122.320502 47.660026
2904 3 41168997 -122.320502 47.660026
2995 3 53209413 -122.321773 47.657429
1495 0 59972379 -122.327562 47.654583
6500 7 58922365 -122.320366 47.665459
665 8 58633206 -122.321129 47.667361
950 0 56316050 -122.320351 47.659291
1450 1 59832117 -122.320418 47.662997
2225 2 55875972 -122.31633 47.657934
995 4 56706600 -122.319077 47.657929
995 0 56445864 -122.315212 47.657264
2150 2 57650196 -122.314785 47.657944
1095 0 58314341 -122.319406 47.656934
1950 3 45547408 -122.319479 47.658425
1050 0 56475723 -122.315868 47.65788
1295 1 57407689 -122.319489 47.656789
949 0 60141691 -122.319323 47.657737
1459 0 43528966 -122.31233 47.660793
1175 0 30472037 -122.316962 47.659045
2314 1 47261110 -122.313906 47.664281
1291 0 56336153 -122.31945 47.659608
1133 0 56559274 -122.30619 47.662339
2195 2 58843470 -122.31222 47.667807
1625 1 57428216 -122.302999 47.664719
2095 2 57373255 -122.313376 47.668271
1568 0 29638233 -122.315554 47.664423
1400 0 56455611 -122.314773 47.658513
2395 2 57231142 -122.312212 47.668375
1411 0 58874840 -122.306181 47.663518
1495 0 59405460 -122.312689 47.667467
1795 2 56816222 -122.319069 47.659914
2200 2 57240562 -122.313833 47.668056
4550 2 59875290 -122.31958 47.661617
1300 0 47240701 -122.312236 47.66891880000001
2700 4 47240579 -122.3122443 47.6689199
895 1 45564267 -122.319077 47.658899
1300 2 56471977 -122.309943 47.667459
1695 2 59188234 -122.315989 47.666815
1150 0 57345411 -122.312239 47.666904
715 1 56485759 -122.308622 47.6661
1200 1 58650605 -122.312247 47.666262
1895 2 58566095 -122.312212 47.668701
899 1 59138448 -122.313833 47.66783
1200 1 58906104 -122.312274 47.665536
1050 0 55436821 -122.314489 47.666162
2200 2 59763196 -122.313295 47.667518
1696 2 56490246 -122.319468 47.658831
1450 1 56322085 -122.319143 47.65966
1469 0 51798890 -122.317442 47.658944
3650 5 58362529 -122.312212 47.668243
1100 0 56850330 -122.313512 47.66298
1600 2 56461277 -122.319479 47.658622
1005 0 56471566 -122.305795 47.664297
1225 0 58447924 -122.313436 47.661678
1050 1 56923595 -122.310489 47.664719
1295 0 56451981 -122.304167 47.665254
1050 0 56474595 -122.305795 47.664162
1225 0 59225982 -122.312269 47.665759
1295 0 52332403 -122.314038 47.659613
750 1 54755712 -122.31445 47.6681
1795 2 59010703 -122.311585 47.666924
1498 0 56498644 -122.311621 47.665573
8640 9 56534701 -122.313853 47.668281
850 6 58049775 -122.308005 47.662389
1425 0 57136045 -122.314892 47.666148
1895 2 57538929 -122.31222 47.667389
1400 1 56313281 -122.304749 47.664701
1995 2 56526509 -122.311585 47.666645
1295 0 53662962 -122.314038 47.659613
850 1 57982777 -122.310498 47.664193
1145 0 41702618 -122.303735 47.667118
750 1 58524166 -122.30801 47.66418
1568 0 51449751 -122.315554 47.664423
1225 1 56706192 -122.315765 47.65999
2055 1 51452630 -122.316028 47.663919
2640 3 56559263 -122.314506 47.665542
1175 1 58894215 -122.303005 47.666156
1300 0 58002217 -122.316312 47.658929
1395 0 57592243 -122.303394 47.661536
1950 1 60275593 -122.312295 47.663821
1399 0 56449522 -122.315498 47.663904
1350 1 58662788 -122.304091 47.666934
1525 1 52916298 -122.304054 47.664627
1350 1 50297256 -122.312269 47.665962
849 0 60089329 -122.305783 47.662645
879 0 60089332 -122.30619 47.66265
4700 6 45564270 -122.319077 47.659036
896 0 56485254 -122.30801 47.664612
2099 0 52600809 -122.312165 47.664719
9100 9 56695418 -122.312239 47.667118
690 1 60252031 -122.305061 47.667779
1900 2 60252026 -122.312704 47.668056
1300 0 60243666 -122.312212 47.668924
1125 0 46420479 -122.303735 47.667118
850 1 53161105 -122.30754 47.662598
980 3 60155866 -122.30754 47.662598
750 5 60155861 -122.30754 47.662598
980 3 60155862 -122.30754 47.662598
1050 3 60155863 -122.30754 47.662598
980 3 60155864 -122.30754 47.662598
980 3 60155865 -122.30754 47.662598
995 3 60155860 -122.30754 47.662598
1950 1 59536663 -122.318498 47.659245
750 1 55860044 -122.30754 47.662598
6995 9 56321706 -122.306943 47.665435
2850 2 59429643 -122.318989 47.662815
1951 2 52527934 -122.314077 47.658737
2350 3 46524229 -122.314874 47.667645
9485 9 56539412 -122.306775 47.664281
1575 0 58705830 -122.314077 47.658737
1449 0 58140533 -122.318313 47.676783
1899 0 51417234 -122.325882 47.678526
1175 0 56454337 -122.322701 47.678546
995 0 56536059 -122.317631 47.679244
899 0 44399925 -122.318809 47.677076
675 1 60322521 -122.315962 47.670449
1695 1 56518722 -122.317923 47.680386
1995 2 59649310 -122.32332 47.682242
2445 2 56465340 -122.317739 47.674526
1500 0 16555739 -122.316442 47.674396
7470 3 59875587 -122.32081088849044 47.68962017141719
1300 0 51644355 -122.3122377 47.6702033
1325 0 56481905 -122.325799 47.677016
1099 0 56491667 -122.318323 47.679046
1060 0 58650572 -122.312677 47.670016
1628 0 44163128 -122.318809 47.676797
1612 0 56452649 -122.317647 47.677797
1120 0 56449525 -122.318442 47.677514
914 0 56449526 -122.317742 47.672949
1300 0 56527163 -122.322832 47.676052
1763 0 51429285 -122.315254 47.676469
1499 0 51449691 -122.318361 47.676024
4000 3 60325910 -122.329679 47.683334
1640 0 60323631 -122.313384 47.670438
1640 0 56498643 -122.313384 47.670438
2000 0 58667127 -122.327086 47.676146
1350 1 53112321 -122.312677 47.669639
1195 0 57723572 -122.319809 47.675152
1790 3 56450060 -122.317892 47.670244
925 1 56328666 -122.317044 47.66987
1695 1 60292961 -122.335657 47.685355
2150 2 60168364 -122.313829 47.670306
1995 2 57892257 -122.322337 47.678146
3795 3 60155236 -122.30601 47.688334
1599 0 51452126 -122.324824 47.681184
1640 1 60142683 -122.317739 47.676331
1475 0 57357614 -122.31165 47.672068
2125 2 60276209 -122.322746 47.689459
1700 0 51452621 -122.313479 47.675668
1270 0 58865179 -122.312384 47.670691
1130 0 55946708 -122.312689 47.670617
1595 1 56582276 -122.317739 47.674329
900 0 47294913 -122.318489 47.672691
2175 2 47086004 -122.316995 47.671678
800 1 55800361 -122.330089 47.684386
1350 1 47553786 -122.33543 47.686743
1950 1 43231659 -122.313948 47.683759
2205 2 60142266 -122.324819 47.682173
1999 0 60114528 -122.319406 47.677668
1645 1 52239710 -122.317677 47.679887
1665 1 48542049 -122.317677 47.679887
1445 1 47443977 -122.317157 47.683769
3449 2 59899173 -122.319406 47.677668
1320 0 46524228 -122.317677 47.679887
1365 0 45260376 -122.317677 47.679887
2199 1 59546218 -122.319406 47.677668
3200 3 59063821 -122.327351 47.684743
1420 1 47452885 -122.317157 47.683769
1250 0 47239728 -122.279805 47.535893
1251 0 56424091 -122.282642 47.554804
2180 0 51420755 -122.234692 47.587106
1259 0 44172153 -122.28803 47.56214
1418 1 57013520 -122.285721 47.556628
1395 0 56475797 -122.285898 47.557166
2245 2 55471497 -122.29567 47.579646
1695 1 56349688 -122.269146 47.555069
1395 0 59207241 -122.292159 47.560019
2795 2 56910615 -122.292152 47.590397
3645 3 59582102 -122.300699 47.585977
1710 0 58444413 -122.292873 47.561134
9110 2 59875234 -122.296779 47.601758
4690 2 59875392 -122.290095 47.541819
4080 0 59875285 -122.285032 47.545788
3600 1 59875133 -122.293735 47.537393
3600 1 59875389 -122.293735 47.537393
1460 1 58442613 -122.30134 47.598626
1979 0 39863038 -122.238456 47.587925
2400 2 60265381 -122.277661 47.537308
1495 0 51453526 -122.292873 47.561134
1420 0 51441452 -122.300582 47.578673
1199 0 51424165 -122.280377 47.537742
1195 0 46054011 -122.289299 47.567156
2695 2 59458072 -122.296759 47.59305
750 0 55444880 -122.285025 47.558502
1750 1 58050423 -122.288472 47.560515
995 0 51452978 -122.294456 47.575549
1395 1 56328735 -122.270416 47.534937
1295 1 59396337 -122.271287 47.539491
2495 2 59018905 -122.28936 47.549599
2800 3 59646182 -122.287795 47.553666
9000 4 58758834 -122.264604 47.53043
3550 4 60325814 -122.289883 47.558437
950 0 52492801 -122.302553 47.585258
1395 1 60251092 -122.265835 47.550804
1850 1 60322356 -122.302553 47.600033
2500 1 60251119 -122.288741 47.59494
774 1 59786520 -122.291404 47.571009
2800 3 58089565 -122.269635 47.535164
1995 2 59223174 -122.265345 47.528358
1995 2 60297641 -122.274594 47.550272
1395 1 56337213 -122.277424 47.549206
1600 2 60297010 -122.3016 47.586
1995 2 59425971 -122.265345 47.528358
1162 1 56338807 -122.274149 47.543814
4650 7 60294741 -122.264146 47.527588
1149 1 57575596 -122.282414 47.55641
2250 1 60293901 -122.302553 47.598263
2200 1 56479730 -122.234013 47.583273
2145 1 60001057 -122.286025 47.598829
2850 2 50140019 -122.295228 47.59205
2800 3 59316233 -122.285269 47.559931
1645 0 59768057 -122.235334 47.587172
5200 3 60205178 -122.291592 47.578791
2350 2 56458383 -122.287978 47.560126
2895 3 59926700 -122.296274 47.572505
3500 4 60089257 -122.295805 47.592549
2100 1 59646168 -122.286707 47.599529
4600 4 57715319 -122.271169 47.544054
2450 2 57607092 -122.273687 47.537831
1600 1 56454065 -122.289772 47.555693
1500 1 57715074 -122.299009 47.60016
3595 4 60268237 -122.274091 47.532923
2250 2 56444314 -122.238245 47.586142
1050 0 57357561 -122.291805 47.559674
2620 2 51884873 -122.29902 47.599588
1249 1 59446407 -122.270416 47.531757
4995 3 59339516 -122.281466 47.570387
2150 1 59396373 -122.2859449 47.5278906
1249 1 59428846 -122.270416 47.531757
3850 3 58447035 -122.295228 47.538733
3645 3 59606197 -122.300699 47.585977
3948 5 55577029 -122.272335 47.535484
3400 3 60141967 -122.3004 47.587616
4395 4 59774075 -122.288391 47.588616
2250 1 51034814 -122.286904 47.596643
3600 3 60045358 -122.272401 47.551693
2995 2 59939109 -122.236954 47.584616
2500 3 59178320 -122.286442 47.569192
4500 2 59741582 -122.287107 47.595915
3300 3 58350396 -122.269492 47.556516
1595 0 51806348 -122.29902 47.599588
3150 5 58736840 -122.301294 47.546599
1695 1 52748933 -122.29902 47.599588
2325 1 58236148 -122.238684 47.58595
2500 3 59953740 -122.284983 47.527437
1750 2 59873345 -122.279813 47.532352
2395 2 56339126 -122.173269 47.571333
2480 2 56457805 -122.202927 47.605979
4450 3 60035774 -122.199988 47.596797
14000 5 58339755 -122.230805 47.527515
5900 3 59875505 -122.18585 47.559566
6740 4 59875468 -122.176272 47.558093
5570 3 59875361 -122.166299 47.56456
7180 4 59875470 -122.18936 47.552831
1897 1 39863467 -122.179516 47.583925
3200 3 59820452 -122.199053 47.596829
3437 2 51448416 -122.167892 47.5694
1895 1 56339129 -122.16654 47.585091
2045 1 56912901 -122.196424 47.593241
2199 2 51047161 -122.165497 47.536728
1995 2 59899127 -122.229829 47.583014
1949 1 51034760 -122.165497 47.536728
4400 4 38863032 -122.182972 47.544638
2550 2 57878102 -122.175209 47.584242
2095 1 59684790 -122.167036 47.585053
7500 5 60261771 -122.167064 47.5674
5500 4 59367899 -122.22674 47.554533
2500 2 60224314 -122.173073 47.571897
850 4 53702355 -122.176253 47.563624
2700 2 60196060 -122.173771 47.565583
3400 2 47396135 -122.171787 47.571869
7900 4 60087541 -122.206589 47.590015
4750 4 60077550 -122.194006 47.548054
5995 3 53506314 -122.228 47.5669
2600 3 59972632 -122.173629 47.560603
2550 2 59942210 -122.181399 47.587334
4000 3 58916168 -122.180243 47.572513
3200 3 58697393 -122.199053 47.596829
1850 1 58859152 -122.230042 47.581441
1999 1 52164057 -122.165497 47.536728
2595 2 60325806 -122.2647 47.682234
2000 2 58025374 -122.2998 47.6846
1900 1 31393122 -122.277067 47.641054
4795 4 58369384 -122.280872 47.665086
1450 0 57875547 -122.302005 47.67597
2290 2 58856320 -122.264456 47.673779
1395 1 60022883 -122.300257 47.619128
750 0 58362429 -122.302222 47.617947
2324 0 58109129 -122.301795 47.613606
1770 0 58679576 -122.295032 47.662518
1250 0 56445647 -122.30206 47.639528
875 1 56322986 -122.302279 47.614553
2495 2 55433969 -122.299448 47.620985
1695 1 58342280 -122.299641 47.607672
1195 1 57409480 -122.3021 47.663
1495 1 56818844 -122.263221 47.674811
1795 2 45564261 -122.302139 47.620898
1750 1 58705767 -122.279988 47.635003
2345 1 56814803 -122.292906 47.66198
2695 2 59656452 -122.295259 47.611829
1445 0 57631010 -122.268593 47.675508
1695 1 56790673 -122.302279 47.667731
4750 4 60322355 -122.279279 47.639594
3849 4 60311888 -122.290906 47.685395
2775 3 60296525 -122.302279 47.614689
2000 2 60275603 -122.279849 47.667222
1260 0 56326039 -122.301048 47.611285
1100 0 60000707 -122.299862 47.613228
2695 2 60239006 -122.28903 47.611189
4595 3 60239500 -122.280442 47.656688
2295 2 57906818 -122.291089 47.613136
3475 3 59919270 -122.290793 47.676736
1595 1 57409689 -122.288978 47.613839
2275 1 60055734 -122.296518 47.609414
1495 1 57217321 -122.2998 47.6846
2995 3 59774757 -122.2948 47.6236
2447 1 51449697 -122.300958 47.612653
2250 2 52906161 -122.28248 47.668759
7750 6 59981439 -122.275546 47.663645
1864 0 56449531 -122.295032 47.662518
1475 1 56455300 -122.300368 47.67603
1500 1 58639269 -122.273796 47.667759
1325 1 57087689 -122.263973 47.682668
2305 1 56680280 -122.294048 47.66283
5950 6 60075332 -122.296177 47.684439
1695 1 59464251 -122.290667 47.67603
2095 2 58723595 -122.290667 47.67603
2650 3 55722087 -122.284238 47.666008
1299 1 59887742 -122.264643 47.683242
900 1 58455001 -122.288828 47.660701
1700 2 60177080 -122.286195 47.660962
1525 1 43511874 -122.2998 47.6846
1525 1 41773432 -122.290906 47.679168
1850 1 50732960 -122.284992 47.663375
1700 1 59980859 -122.285304 47.66098
1795 1 59560513 -122.301368 47.638934
2450 1 59958177 -122.301368 47.638934
2450 1 59843716 -122.301368 47.638934
5600 5 58869695 -122.257104 47.671797
7500 5 59646221 -122.238319 47.630823
3195 3 59080002 -122.300319 47.67986
3100 3 59570499 -122.279751 47.666178
5400 3 59660916 -122.299058 47.643593
1700 1 59420266 -122.285769 47.660858
4250 2 59365811 -122.291697 47.623074
4350 3 53502715 -122.279751 47.665973
2500 2 50771001 -122.29335 47.624244
1659 0 43470681 -122.19312 47.610498
1728 0 43470676 -122.191415 47.611439
2165 1 16558752 -122.19334 47.618984
1905 0 27045177 -122.202425 47.611126
1975 1 59755485 -122.198713 47.637108
5150 1 44871474 -122.1946 47.6155
2272 0 32613987 -122.187619 47.610677
7000 2 59513375 -122.198705 47.614712
2099 1 58384817 -122.189517 47.642688
1905 0 56768262 -122.202206 47.610677
2274 1 59146775 -122.169073 47.627799
2005 0 22916437 -122.192877 47.619695
2157 0 22918268 -122.201002 47.612267
3386 0 22919760 -122.202456 47.618843
1794 1 39863327 -122.188939 47.640479
3650 2 58679905 -122.201087 47.613347
1881 0 39863088 -122.198233 47.619751
1902 0 39863123 -122.195263 47.612728
2520 1 59875130 -122.192374 47.617839
2450 0 58680186 -122.20229 47.609578
1654 0 39863449 -122.191478 47.620702
5060 2 59875450 -122.201498 47.610458
3530 2 58679298 -122.205883 47.611047
2300 0 58680160 -122.20111 47.612272
4350 1 59875364 -122.201498 47.610458
4350 1 59874350 -122.201498 47.610458
2420 1 58444755 -122.201105 47.612623
1990 0 58444549 -122.1751 47.6199
2290 0 58443195 -122.201984 47.619047
2530 1 58443029 -122.192876 47.619695
1820 0 58771048 -122.199285 47.609602
2950 0 59644631 -122.198467 47.612285
2780 1 58899253 -122.19334 47.618984
2250 0 59644632 -122.198645 47.607426
2393 1 39863394 -122.203433 47.60924
4530 2 59176036 -122.19165 47.619112
1999 1 60177059 -122.202161 47.607399
3550 2 60240297 -122.200875 47.612871
4080 2 60002337 -122.1751 47.6199
2795 2 59820286 -122.181959 47.620829
2335 0 52174276 -122.206105 47.610843
1200 0 56266528 -122.180491 47.619813
2755 3 50240904 -122.188273 47.643917
2542 1 59231102 -122.204384 47.610796
1965 0 52863709 -122.1751 47.6199
1935 0 51468809 -122.196929 47.64367
2850 1 60249782 -122.195937 47.61888
2604 2 51429198 -122.203099 47.621847
1445 1 56519868 -122.203405 47.607754
2822 0 51427338 -122.193053 47.615974
2575 1 60322060 -122.17876 47.621032
3700 2 59446418 -122.201585 47.622115
3800 4 60157108 -122.167259 47.632789
2150 1 60297522 -122.203419 47.619974
3495 3 60297235 -122.169042 47.608905
2595 1 55891354 -122.203219 47.611128
2395 2 56468468 -122.199115 47.608475
2395 1 56445876 -122.203776 47.610908
2565 2 51431496 -122.188273 47.643917
2090 0 50754571 -122.197874 47.610058
2500 0 58829148 -122.203223 47.609922
3481 2 48424222 -122.17876 47.621031
3295 1 52395426 -122.206522 47.619744
2176 1 60108317 -122.192374 47.617839
2595 1 56544085 -122.206099 47.619498
4950 4 59951220 -122.219789 47.619456
8400 5 60256932 -122.208952 47.64232
3213 2 50754564 -122.197874 47.610058
4034 2 60108322 -122.192374 47.617839
8250 2 59128281 -122.202814 47.617781
2352 1 48067362 -122.17876 47.621031
2596 1 52446723 -122.197874 47.610058
2155 0 56544084 -122.206099 47.619498
3495 3 59833115 -122.195394 47.607823
1700 0 57822703 -122.196893 47.610728
24500 3 59646232 -122.200875 47.616439
2795 2 59606193 -122.181959 47.620829
2004 0 48067356 -122.17876 47.621031
3700 2 59454932 -122.193068 47.613347
2900 2 59689175 -122.196893 47.610728
16000 4 57648643 -122.233508 47.638789
2495 2 59649355 -122.202161 47.607399
2995 2 56489714 -122.198949 47.675108
2995 2 57185015 -122.203776 47.66698
2334 0 59148098 -122.198554 47.678718
1911 1 39863204 -122.167162 47.666639
1195 0 56314104 -122.200058 47.678894
2395 0 51450295 -122.204322 47.676331
950 0 56314101 -122.200996 47.678749
1895 1 59796992 -122.210512 47.679797
2495 1 55434133 -122.202821 47.677769
4279 2 60288777 -122.201939 47.674365
6600 3 56571510 -122.201433 47.667271
2100 1 60298670 -122.207589 47.6621
2613 0 60288778 -122.201939 47.674365
3345 1 60024902 -122.205963 47.674949
8195 2 60286670 -122.205963 47.674949
3195 1 60286669 -122.205963 47.674949
2995 2 57271946 -122.19345 47.677271
1945 1 56451983 -122.204875 47.672252
2740 1 58900478 -122.201939 47.674365
4795 3 52406529 -122.204908 47.648944
4122 2 59023179 -122.201939 47.674365
2895 2 45006229 -122.193994 47.667639
4195 2 60024903 -122.205963 47.674949
2900 3 60000999 -122.173905 47.670194
2690 1 55657907 -122.204908 47.648944
2883 2 50764452 -122.204908 47.648944
10000 6 57670441 -122.180004 47.681899
