1655 1 55200514 -122.793448 45.445611
1499 2 55778500 -122.765216 45.45104
1395 1 55816579 -122.799124 45.461679
1595 1 38449765 -122.813462 45.44132
1995 2 60297023 -122.797685 45.462262
1395 1 60297021 -122.764992 45.436386
1395 1 59610772 -122.802266 45.462667
1395 1 51454842 -122.782738 45.454144
1195 1 51454871 -122.771617 45.453144
1407 1 37374876 -122.824288 45.442041
1600 2 55434893 -122.778171 45.436833
1550 2 58924615 -122.77307 45.425567
1697 2 58776293 -122.778349 45.437931
1697 2 59297302 -122.778349 45.437931
1550 2 58534407 -122.805819 45.43088
1675 2 57238807 -122.802667 45.451099
1325 2 55429385 -122.817043 45.436386
1400 2 56475715 -122.767527 45.43533
2349 3 59298736 -122.813028 45.443908
1445 2 48681742 -122.78051 45.424386
2845 4 59592676 -122.776578 45.436256
1895 2 59887828 -122.775029 45.436665
1498 1 51428458 -122.774885 45.428667
1481 1 51447812 -122.803283 45.441312
2695 3 60316362 -122.786842 45.440193
1266 1 37374905 -122.832084 45.440744
2150 1 58300083 -122.773976 45.429537
1750 2 60298203 -122.77676 45.438813
1645 1 60296245 -122.805214 45.447013
1450 1 56233160 -122.778901 45.439434
2950 4 59826222 -122.800619 45.430918
3100 4 59128765 -122.82488 45.447442
1625 2 56480427 -122.763908 45.439569
1400 2 57068188 -122.777669 45.438803
1650 2 56464078 -122.799558 45.462845
2999 4 59366048 -122.813968 45.428369
1610 2 58067384 -122.780151 45.426971
1200 1 57079460 -122.781295 45.457728
1550 2 59808733 -122.776161 45.436803
1585 1 52527938 -122.828256 45.430281
1100 1 57561270 -122.766104 45.429629
1400 2 56475713 -122.779046 45.424494
1495 2 58974373 -122.802606 45.450602
1700 2 60108593 -122.816453 45.437993
1495 2 60240316 -122.772946 45.436238
1810 2 52936919 -122.828256 45.430281
1726 2 52527947 -122.828541 45.451472
1545 2 59539114 -122.767911 45.450929
1995 2 60168314 -122.796305 45.445626
2695 3 60155816 -122.761143 45.445668
3045 3 60067342 -122.814204 45.442966
1545 2 59972605 -122.78034 45.424128
1700 2 52527945 -122.828541 45.451472
1595 1 58998254 -122.829774 45.431709
2595 3 58869674 -122.830508 45.453236
1299 1 57309933 -122.765056 45.431088
1499 2 59723367 -122.765056 45.431088
2795 3 59656486 -122.811423 45.46003
2795 3 56321063 -122.80769 45.458929
2195 2 59429575 -122.826685 45.457507
2699 3 59367049 -122.778357 45.435452
3750 3 57085843 -122.80019 45.437915
3700 5 50288417 -122.790141 45.421164
1395 2 58577447 -122.766819 45.450734
3595 5 58854261 -122.77572 45.422396
1460 1 52527944 -122.828541 45.451472
1190 1 55200510 -122.766956 45.493074
1575 2 56450269 -122.820799 45.476135
1550 2 56646352 -122.818936 45.483099
1400 1 55474579 -122.802472 45.494388
2000 2 60275819 -122.782877 45.506799
1950 2 60275820 -122.784134 45.50646
1450 2 59369185 -122.767118 45.495204
3199 3 59723311 -122.77 45.5014
1800 2 58422614 -122.78571 45.488442
1595 2 60264481 -122.788036 45.492897
2350 3 59973714 -122.782347 45.506514
2000 2 60238682 -122.783777 45.506953
1950 2 60238681 -122.782966 45.506364
2500 3 60123478 -122.784453 45.506476
1500 1 59611950 -122.804619 45.492576
2850 1 60256092 -122.832475 45.494585
1345 1 51454985 -122.799009 45.475383
1250 1 51496880 -122.803946 45.473997
1975 3 51497079 -122.822396 45.485477
1375 2 51497037 -122.799151 45.481973
1375 2 51496977 -122.811609 45.478368
1150 1 51496892 -122.796759 45.482858
1535 2 51436260 -122.797532 45.476949
1550 1 51497145 -122.82049 45.477035
2750 5 59349294 -122.800339 45.504549
1645 2 60217047 -122.794794 45.475094
1495 2 59685976 -122.771349 45.470613
1950 2 60035539 -122.771349 45.470613
1795 2 59213414 -122.771349 45.470613
1470 2 58694829 -122.814989 45.476114
1895 2 60088200 -122.81195 45.500316
1334 0 51463388 -122.760745 45.506324
1500 2 58637221 -122.8045 45.4909
1450 2 56571764 -122.770108 45.472252
1295 1 57523572 -122.778068 45.49404
1150 1 57336820 -122.819239 45.48748
1750 3 35529667 -122.782519 45.469963
1275 1 57647742 -122.805095 45.476979
1175 1 59062245 -122.774229 45.470817
1480 2 59887453 -122.816639 45.490288
1675 2 47987744 -122.794794 45.475094
2095 2 52430754 -122.822232 45.474529
1700 0 58283942 -122.782595 45.484695
2550 3 60323605 -122.82267 45.505627
2950 0 60047160 -122.806384 45.486943
1795 2 57644779 -122.828246 45.484899
2095 3 60107873 -122.800705 45.495753
1195 1 56458967 -122.77 45.5014
1545 3 59429401 -122.802718 45.479425
1580 0 55058319 -122.831651 45.497067
3000 3 60133730 -122.791329 45.465659
3295 4 60316129 -122.818739 45.478983
1395 2 59760528 -122.784581 45.49404
1350 1 45449021 -122.822396 45.475544
1795 2 57384432 -122.815858 45.490743
2950 4 60296572 -122.806396 45.473979
2099 2 59738812 -122.806308 45.490871
1550 2 56450273 -122.800784 45.484125
1245 1 55431350 -122.799349 45.474544
1600 2 56696238 -122.807424 45.495637
1325 1 56451308 -122.78506 45.505702
1325 1 55471818 -122.816298 45.501595
1441 0 52239267 -122.7938 45.4863
1500 1 50381604 -122.803433 45.492832
1500 1 55474717 -122.805667 45.498605
1161 0 58919579 -122.801122 45.484683
2795 3 60278004 -122.7717 45.47
2350 3 59989369 -122.782347 45.506514
1495 1 60204310 -122.777502 45.467015
1805 2 52239274 -122.7938 45.4863
1772 2 58912892 -122.7938 45.4863
1595 2 56885637 -122.82571 45.477124
1595 2 56527433 -122.792804 45.469635
1225 1 59298661 -122.801764 45.476817
1535 2 55472267 -122.804989 45.475149
1991 2 60268279 -122.806308 45.490871
2950 4 60265362 -122.831386 45.479613
2895 4 53754466 -122.79805 45.468798
1740 1 52239268 -122.7938 45.4863
1469 2 48048273 -122.766631 45.486969
3200 2 56494223 -122.825288 45.481534
3260 4 59826677 -122.764473 45.46638
2395 3 59808501 -122.832518 45.471852
2300 2 59583238 -122.83201 45.469339
1949 2 59477642 -122.814423 45.476114
1495 2 59938450 -122.804591 45.47723
1650 2 58295516 -122.763483 45.498768
1595 2 49994565 -122.825404 45.484973
1250 1 49739621 -122.795113 45.48048
2035 2 48757931 -122.729279 45.428483
1822 0 33960318 -122.748113 45.425594
1495 2 56443971 -122.748076 45.442442
1495 2 60297022 -122.702884 45.462211
1395 1 57688637 -122.711163 45.455982
1770 0 59633354 -122.749247 45.427918
2845 3 59415796 -122.719628 45.440898
2795 3 58986618 -122.72924 45.430316
2095 2 59888338 -122.711895 45.427629
3650 4 59877588 -122.730152 45.422433
3849 4 54888218 -122.697251 45.421462
1050 0 51497093 -122.726069 45.451155
1210 1 51496966 -122.716687 45.456104
1280 1 51454836 -122.725703 45.450969
1325 1 51496882 -122.701749 45.464592
1500 1 51497020 -122.751829 45.424137
1470 1 51497016 -122.750299 45.430772
1275 2 59245803 -122.7055 45.4573
1295 1 56444262 -122.709878 45.460413
1350 1 57174292 -122.702299 45.46385
1050 1 51116911 -122.708605 45.422852
1475 1 55779956 -122.708222 45.461256
1425 1 56725486 -122.728579 45.447154
1400 2 59739070 -122.723183 45.450183
1300 1 57571792 -122.724747 45.451114
1657 1 51415810 -122.728008 45.421036
1650 2 59779657 -122.724228 45.435744
1400 1 57068197 -122.751731 45.464736
2950 1 50793846 -122.693894 45.433794
1300 2 58721434 -122.711681 45.45808
3545 4 60149306 -122.707654 45.441282
1599 0 60295072 -122.750725 45.435175
1350 1 60002046 -122.707314 45.460827
1545 2 59032826 -122.709999 45.46051
3300 4 59955678 -122.687447 45.453822
1595 2 58153977 -122.724874 45.452766
1400 0 59008741 -122.753522 45.430619
1595 2 59695189 -122.700739 45.463286
1995 3 59621395 -122.747038 45.44487
1395 2 57257003 -122.740236 45.444723
1995 2 58974852 -122.758066 45.46185
2700 3 60130192 -122.714514 45.42711
2950 3 59644872 -122.727088 45.460089
2400 1 54980096 -122.7156716 45.4365496
2200 2 54930602 -122.738956 45.448124
2625 3 59621715 -122.741247 45.447424
2895 3 60204589 -122.741559 45.429776
4700 5 60204588 -122.730413 45.453464
2795 3 60204428 -122.725579 45.456677
3250 3 55203951 -122.728008 45.421036
1650 2 60187529 -122.754689 45.426458
3000 3 59737848 -122.707138 45.432605
3250 2 60175837 -122.700299 45.431665
3100 3 60175831 -122.728902 45.457728
1879 2 59684780 -122.724267 45.434733
2100 2 60151126 -122.714514 45.42711
2200 2 59858415 -122.738956 45.448124
1657 1 55203940 -122.728008 45.421036
1918 2 55203944 -122.728008 45.421036
2475 3 53674192 -122.717874 45.447013
1943 2 55203943 -122.728008 45.421036
1650 1 58752456 -122.717409 45.426511
3495 5 58491246 -122.746403 45.457766
1331 1 59043839 -122.750669 45.436369
1532 2 59043840 -122.750669 45.436369
4000 2 58343160 -122.74222 45.453625
1549 2 55778483 -122.739964 45.487763
1995 3 59968322 -122.729513 45.488628
5500 3 59117411 -122.70261 45.49535
6000 4 59671591 -122.717984 45.502684
4500 4 59569487 -122.694026 45.498059
5500 3 57134811 -122.707919 45.485384
1950 1 59984588 -122.692102 45.500106
2245 1 56193327 -122.693785 45.499432
1499 1 55778491 -122.710172 45.481142
1465 2 59998078 -122.717506 45.467387
1125 1 59798214 -122.692878 45.499948
1195 1 51463379 -122.707706 45.465516
1225 1 59981179 -122.717261 45.467384
2995 3 59951675 -122.689447 45.472252
1645 1 37483188 -122.755537 45.471338
1375 1 55910935 -122.723902 45.476788
1045 1 60169027 -122.689769 45.503923
1495 2 59737522 -122.728641 45.487507
1300 2 58311567 -122.72259 45.486534
1495 2 58934017 -122.718548 45.48483
1295 1 56455306 -122.709395 45.466931
1150 0 55919978 -122.690324 45.499585
1375 1 56451362 -122.692828 45.500733
1345 1 56631192 -122.691759 45.497467
1195 1 60086707 -122.704046 45.479983
2199 3 59736244 -122.711204 45.469007
2250 2 60326203 -122.688036 45.503772
1100 1 58196704 -122.690494 45.500652
1385 1 52118338 -122.7496695 45.4658272
1225 1 59245409 -122.703214 45.474891
1200 1 60322266 -122.695689 45.465989
1199 1 60315539 -122.689674 45.496545
1795 2 60311876 -122.708353 45.480671
1263 1 56489047 -122.699854 45.466813
1249 0 58185775 -122.751598 45.465497
1325 2 56535774 -122.707742 45.467633
1745 2 59981231 -122.749192 45.465754
3999 3 59661877 -122.711185 45.477048
1995 2 60293694 -122.741117 45.486497
1399 1 56451630 -122.758474 45.490405
1200 2 56463370 -122.696996 45.466278
1200 1 56332096 -122.6878 45.4888
1275 1 59822106 -122.759921 45.484807
1359 1 56451639 -122.734322 45.487868
1550 2 59570305 -122.738969 45.487132
1250 1 58869582 -122.689953 45.498871
6500 4 56510757 -122.716185 45.499653
1649 2 52779007 -122.748006 45.478268
1475 2 59955954 -122.72924 45.48748
1400 1 59851645 -122.709604 45.480489
1095 0 60266094 -122.705264 45.469696
1350 1 54052479 -122.750996 45.465516
3600 3 60237376 -122.732557 45.464931
3295 3 59226196 -122.708818 45.506322
2895 4 59176843 -122.71093 45.472346
3150 5 50874400 -122.723458 45.472517
2795 3 60219798 -122.707439 45.46607
3500 3 50538378 -122.692932 45.484384
2095 2 59833322 -122.688869 45.471605
1995 2 60193654 -122.756772 45.508308
1295 0 60150764 -122.755537 45.508521
7900 3 53472343 -122.728579 45.484042
1450 2 59813838 -122.727432 45.487266
1495 2 55497517 -122.735676 45.486647
5500 3 59525860 -122.743355 45.491753
1325 1 60086714 -122.693512 45.479949
1325 1 60086713 -122.693512 45.479949
2295 3 60077464 -122.737775 45.474471
1370 0 60035566 -122.711429 45.468635
2395 3 59973493 -122.752921 45.486698
3599 3 59939020 -122.714589 45.473109
3390 5 59562768 -122.716976 45.468134
1175 1 59808672 -122.691609 45.498104
1370 2 58998540 -122.691658 45.497196
1195 1 59863877 -122.691658 45.497196
1395 2 58273213 -122.746138 45.505981
3995 4 59512919 -122.692573 45.484753
3599 3 59213561 -122.702276 45.496653
3345 4 59155197 -122.728798 45.473114
1195 0 58675405 -122.700558 45.477969
1495 2 52824214 -122.735676 45.486647
1665 1 57581939 -122.723495 45.474991
2490 2 57698424 -122.723495 45.474991
1548 0 51536694 -122.710582 45.468618
1499 1 52779005 -122.748006 45.478268
3495 3 18592400 -122.711869 45.492694
1295 1 58463453 -122.715183 45.483775
2900 4 59125555 -122.817043 45.546814
2795 3 59385177 -122.785673 45.517777
2995 4 58880041 -122.833803 45.569889
1495 2 60252128 -122.810423 45.522099
2700 4 60322986 -122.832394 45.565416
2900 3 60292213 -122.777349 45.544249
3995 5 54867491 -122.813225 45.545899
2950 4 59820517 -122.833561 45.557772
1425 1 51454859 -122.787436 45.510686
1375 2 51497064 -122.825201 45.513328
1275 0 60278705 -122.822599 45.517074
1450 2 57001111 -122.830609 45.515404
1349 0 49955465 -122.796896 45.513328
1895 3 59656366 -122.810068 45.526402
None 2 24156753 -122.829647 45.530694
1250 1 56923428 -122.828376 45.531054
2025 2 53387107 -122.802805 45.522174
5500 4 60316571 -122.777408 45.527704
1450 2 45811705 -122.830048 45.515312
2900 3 60310760 -122.777349 45.544249
3100 4 60295850 -122.828661 45.523085
3500 4 60293692 -122.806554 45.54977
1195 1 59877989 -122.808416 45.522529
5495 5 60293422 -122.822737 45.539352
1600 2 55444398 -122.800675 45.527202
1495 2 56446524 -122.810795 45.524599
1365 1 55472162 -122.819528 45.512161
1350 2 57352551 -122.803649 45.527148
1625 1 53387104 -122.802805 45.522174
2995 4 60252185 -122.78998 45.519228
2495 3 60251784 -122.832372 45.571229
1382 2 55767870 -122.829215 45.566108
3395 5 59539525 -122.823358 45.554613
2900 4 50556577 -122.78975 45.538609
3495 4 60080578 -122.765018 45.539141
2995 4 57426857 -122.814739 45.547039
2090 2 59980569 -122.800416 45.523494
1425 2 60036673 -122.806252 45.522785
5500 4 57214907 -122.79052 45.528037
1899 2 60177173 -122.800295 45.524296
2490 3 53387108 -122.802805 45.522174
4495 3 60149922 -122.763162 45.59311
2445 2 60149256 -122.78206 45.539141
1295 2 59847358 -122.813423 45.525481
3395 4 59797335 -122.812795 45.556798
3400 4 60102221 -122.795597 45.540808
3500 2 59166574 -122.781958 45.538818
4500 4 59738268 -122.799353 45.532427
3595 3 59844962 -122.831245 45.539742
4595 4 60045209 -122.788036 45.53743
2845 3 58652380 -122.820737 45.562921
3582 3 55669669 -122.829215 45.566108
1300 1 57225784 -122.802249 45.549391
3795 4 50815595 -122.771133 45.537545
6300 5 60000790 -122.775144 45.54922
2745 4 59033148 -122.829541 45.563439
3195 5 59955982 -122.812242 45.545568
2300 3 59951627 -122.826785 45.565907
2750 4 59619539 -122.827058 45.567515
3110 4 59580703 -122.825033 45.557829
4000 6 59200011 -122.824655 45.556722
3550 4 57720482 -122.832645 45.55009
4795 5 59139562 -122.787295 45.522402
2190 3 54675332 -122.814739 45.523743
2595 3 59844566 -122.831908 45.572879
3800 4 41487289 -122.815423 45.558258
2795 4 58619902 -122.826629 45.565059
9000 5 59219515 -122.815072 45.561192
7000 4 51495557 -122.780303 45.530127
9000 4 58967628 -122.76655 45.534703
10410 4 56659486 -122.778171 45.538919
9960 3 50543866 -122.775669 45.540182
8900 4 50994968 -122.770373 45.538757
1461 1 44284747 -122.755522 45.512525
1850 2 60067363 -122.736413 45.509939
3895 4 59888384 -122.738448 45.516084
1499 1 60276356 -122.75509 45.509079
6850 4 57198871 -122.724671 45.515653
1695 1 59621846 -122.744503 45.517084
2295 3 60216123 -122.736472 45.510723
1299 1 55438437 -122.689234 45.516795
757 0 59645276 -122.687578 45.515176
1100 0 48936411 -122.689553 45.516147
757 0 59645279 -122.687483 45.515877
1970 2 59620992 -122.694092 45.514991
1595 2 56340726 -122.688773 45.519812
1290 0 57959130 -122.69201 45.517585
2295 2 60299027 -122.69027 45.516477
1225 1 56910655 -122.68928 45.516069
1195 1 56816499 -122.690874 45.515733
1265 0 56451641 -122.690867 45.513733
3100 3 59316723 -122.691224 45.513069
3100 3 59244960 -122.691224 45.513069
2295 2 60186534 -122.691943 45.512957
1915 2 57959138 -122.69201 45.517585
2395 2 59969305 -122.693967 45.514851
2495 2 59594820 -122.694889 45.517748
6490 4 59102682 -122.690609 45.510279
4495 3 59104566 -122.690609 45.510279
2395 3 58777173 -122.687395 45.50881
1375 1 53134995 -122.688942 45.516714
1300 1 52927569 -122.697889 45.522555
1200 0 55442830 -122.69862 45.522074
1375 0 56455837 -122.698828 45.527151
1975 2 59128565 -122.698932 45.530216
1400 0 55890122 -122.697568 45.528743
1525 1 55882915 -122.698889 45.528785
3095 3 59210812 -122.698729 45.524411
1095 1 59798247 -122.698506 45.522682
1025 0 59643686 -122.698506 45.522682
1125 1 59477485 -122.699759 45.527411
1860 2 60076404 -122.698108 45.522205
1150 0 56558241 -122.696488 45.522723
1200 0 57006155 -122.700478 45.522871
995 0 59448853 -122.69684 45.524623
1000 0 56455107 -122.696978 45.525767
1300 1 56597817 -122.696615 45.525752
899 1 57145411 -122.698526 45.520779
1350 1 60064864 -122.69901 45.521955
1900 1 59121769 -122.70206 45.524919
1473 0 52180016 -122.697524 45.529753
2225 2 59749656 -122.701605 45.528575
2395 2 60086706 -122.700178 45.521886
1125 0 56471070 -122.699791 45.528563
1850 2 59750129 -122.697004 45.528174
950 0 59621078 -122.697716 45.524532
749 0 60292654 -122.697345 45.52718
1295 0 59750344 -122.69993 45.527693
1429 1 57346825 -122.697763 45.528607
995 0 59435798 -122.696915 45.527903
995 0 56339870 -122.696488 45.522899
1100 0 56331561 -122.703366 45.529362
1050 0 56744924 -122.698832 45.527362
1195 1 57267990 -122.704116 45.530703
1400 1 59671477 -122.700419 45.52301
1225 0 57243201 -122.697331 45.528619
2500 1 60144834 -122.700022 45.530703
995 0 60034286 -122.700375 45.523546
1200 1 59686103 -122.69995 45.523479
1045 0 52927576 -122.691032 45.527955
1198 0 58309984 -122.689051 45.522571
995 0 48499760 -122.695996 45.522779
1225 0 57502438 -122.693345 45.530334
1250 0 56247558 -122.69215 45.528044
1350 1 59454820 -122.694981 45.524375
1500 1 59403140 -122.694148 45.526802
1450 1 56318791 -122.696224 45.528704
1700 1 56814751 -122.691697 45.523961
1454 1 57919623 -122.687459 45.521834
999 0 57286493 -122.687567 45.530804
1369 0 54254625 -122.689242 45.529315
995 0 52927578 -122.690118 45.528037
1345 1 60295027 -122.691462 45.528288
1275 1 60107686 -122.695701 45.522998
1095 0 57068322 -122.690904 45.524037
1165 0 59415608 -122.688925 45.523402
1645 2 57324802 -122.695701 45.522998
1355 1 60249771 -122.68996 45.524029
1295 0 60239246 -122.69201 45.524632
1325 1 59795617 -122.68996 45.524029
1345 1 59842083 -122.691462 45.528288
1130 1 58925852 -122.693056 45.524599
850 0 56452559 -122.688341 45.521859
950 0 55474412 -122.691967 45.52332
999 0 56451632 -122.691648 45.527555
1345 1 55442494 -122.694048 45.520437
1250 0 55442810 -122.696126 45.524623
1875 1 60175703 -122.692004 45.524358
1165 0 56451633 -122.694062 45.525102
999 0 57476020 -122.688869 45.523202
1225 0 55442838 -122.691658 45.528002
1095 0 56571846 -122.692241 45.530292
1095 1 56339877 -122.689173 45.521383
1195 0 56339882 -122.691978 45.523738
850 0 59010863 -122.694553 45.521599
1095 0 57276403 -122.695512 45.528202
1595 2 56340726 -122.688773 45.519812
1250 0 55903447 -122.69184 45.527998
2025 2 57521466 -122.688505 45.526475
1150 0 57610679 -122.692859 45.530392
1250 0 57501866 -122.696099 45.525064
850 0 56452567 -122.689215 45.522148
1025 0 57015140 -122.689563 45.523767
900 0 60325809 -122.691453 45.525151
1250 1 59214448 -122.696026 45.524358
3500 2 55442012 -122.69484 45.529402
1449 1 57031585 -122.695188 45.525358
1195 1 57592176 -122.696192 45.523074
1340 0 57706909 -122.688066 45.522643
2095 2 50989838 -122.694494 45.520394
1195 1 56487194 -122.693689 45.524044
1145 0 57572435 -122.688173 45.524691
1100 0 55472158 -122.6938 45.526099
1095 0 58606423 -122.693929 45.530373
1325 1 59200929 -122.689625 45.525529
2500 3 56842772 -122.689771 45.530738
1150 0 55438450 -122.687578 45.524785
999 0 55438440 -122.688119 45.527344
995 0 56320488 -122.689625 45.525394
1125 0 57062842 -122.69562 45.528643
1095 0 59569341 -122.69407 45.52401
1195 1 59214508 -122.69362 45.525871
995 0 59490944 -122.693749 45.529664
999 0 56443535 -122.693615 45.526102
995 0 56466025 -122.693062 45.524723
1575 1 59956045 -122.695967 45.523919
1299 1 58752802 -122.691859 45.528279
1299 0 57176732 -122.694232 45.529302
1295 1 56908031 -122.695763 45.524632
1995 0 57893646 -122.690506 45.522696
1600 1 59863971 -122.689801 45.530365
1395 1 60240398 -122.693824 45.527805
1195 0 60238982 -122.692658 45.525723
1395 1 59378038 -122.694632 45.527166
1400 1 59956079 -122.695697 45.522886
2500 2 35649615 -122.69315 45.529632
1230 0 53049448 -122.688512 45.520272
2700 3 59715645 -122.694763 45.527166
1495 1 59370239 -122.690506 45.522696
1125 0 59416256 -122.688592 45.521515
1300 0 48217852 -122.693867 45.527529
1213 1 55161309 -122.689801 45.521563
1146 0 55161310 -122.689801 45.521563
2385 2 39556592 -122.687578 45.524515
1632 0 51445125 -122.690828 45.532248
1775 1 59492196 -122.69901 45.532141
1500 1 55905911 -122.703016 45.534216
1460 0 57467728 -122.695073 45.533363
969 0 57948427 -122.687801 45.530923
1700 1 60216923 -122.694324 45.532164
1355 1 60297638 -122.692932 45.532522
2095 3 59877078 -122.7148 45.5388
975 0 58502402 -122.697889 45.531728
1525 1 60106981 -122.700968 45.533103
975 0 60130802 -122.697889 45.531728
1095 0 59453811 -122.694311 45.531861
975 0 59430423 -122.697889 45.531728
1295 0 59843930 -122.70394 45.536765
999 0 59832785 -122.688904 45.530919
1099 0 56978977 -122.703099 45.534545
1375 1 56424039 -122.694311 45.531861
975 0 59888432 -122.697889 45.531728
975 0 58478583 -122.697889 45.531728
2495 4 59513905 -122.703116 45.534401
1370 0 51452355 -122.699213 45.535092
745 0 55444805 -122.697915 45.535292
1595 0 55436076 -122.699534 45.533831
1600 1 57476067 -122.712193 45.536352
1175 1 57107291 -122.699867 45.531686
1125 1 58384662 -122.707605 45.535545
1895 2 60204225 -122.699526 45.535975
1495 2 60325779 -122.692088 45.534411
2649 2 58079692 -122.702572 45.536427
1800 1 57648278 -122.690297 45.53378
1373 0 51425742 -122.697967 45.534589
1575 2 60297639 -122.701543 45.536075
1373 0 48620573 -122.697967 45.534589
999 0 55438452 -122.696765 45.532502
1408 0 60286658 -122.690297 45.53378
2495 2 58523836 -122.690297 45.53378
1295 1 56816274 -122.700038 45.532818
1386 0 51135234 -122.689505 45.532936
1845 1 51135239 -122.689505 45.532936
1125 0 59295689 -122.710739 45.536545
1575 0 57648277 -122.690297 45.53378
2896 2 51927920 -122.689505 45.532936
1571 0 53842394 -122.694781 45.533634
1524 1 48067352 -122.697967 45.534589
2495 2 50453416 -122.7148 45.5388
1300 0 46858019 -122.7562952 45.589664
1399 1 56315422 -122.695501 45.565093
1500 1 55472065 -122.755072 45.589984
1595 1 57648604 -122.750293 45.58964
1449 1 56443541 -122.745103 45.588464
1350 0 56311765 -122.744072 45.588218
1424 1 56443540 -122.745166 45.588479
1692 1 55471780 -122.751325 45.589547
1495 2 60265662 -122.727546 45.591624
2595 2 60205858 -122.734345 45.58218
1495 2 60065882 -122.727593 45.591635
1300 1 53356037 -122.757474 45.586495
1485 1 37529702 -122.73311 45.59288
1450 1 51497022 -122.731992 45.587361
995 0 60166747 -122.688058 45.58218
1595 1 58017554 -122.695904 45.565262
1075 1 60141723 -122.688058 45.58218
1575 1 60025136 -122.754066 45.590891
999 0 57324807 -122.75509 45.589158
1099 0 55438446 -122.754673 45.589136
2495 3 60150546 -122.732345 45.590067
1525 2 59184455 -122.729086 45.593188
3200 3 60323482 -122.692324 45.583977
1550 2 50780710 -122.713812 45.578935
1699 2 57697557 -122.721096 45.581091
1495 1 59763561 -122.695311 45.562535
1195 0 59763563 -122.695493 45.565669
1195 0 60322197 -122.755153 45.594313
1199 2 59524375 -122.757207 45.5909
1199 2 59524376 -122.757207 45.5909
1199 2 59524374 -122.757207 45.5909
1199 2 60294153 -122.757207 45.5909
1050 0 58665874 -122.748309 45.589539
1750 3 60321141 -122.736624 45.59405
1450 1 60311496 -122.747131 45.564527
1249 1 60012964 -122.754508 45.588342
2395 3 59969732 -122.743817 45.594643
2795 3 58974851 -122.733556 45.594493
725 1 56178548 -122.722162 45.582843
725 1 56178549 -122.726088 45.575688
850 5 48760061 -122.726375 45.575791
1395 1 56335595 -122.695636 45.570364
1410 1 57087897 -122.695631 45.570828
1195 2 57592339 -122.729301 45.590885
999 0 55438659 -122.721069 45.581315
1395 1 60239277 -122.710589 45.581039
1049 0 59998477 -122.758345 45.592081
2185 2 59117399 -122.695437 45.582938
2300 2 60229559 -122.748412 45.584469
1695 1 57485741 -122.752369 45.585887
1395 1 56472211 -122.723332 45.582859
2285 1 60205852 -122.70126 45.576182
2495 3 60123918 -122.701922 45.576182
1649 1 56448006 -122.695699 45.563531
1525 2 59865220 -122.739466 45.594715
1450 1 58815440 -122.747444 45.564489
2795 2 60264769 -122.74302 45.587528
1495 2 57185414 -122.75001 45.587644
1925 2 59527928 -122.730665 45.592392
1895 3 58243220 -122.735454 45.588166
840 0 60048164 -122.72281 45.583563
1350 1 58890166 -122.758567 45.592331
1865 2 56449643 -122.698999 45.57765
1295 0 59772776 -122.759669 45.589469
3399 4 58490956 -122.721202 45.574333
2695 3 60251681 -122.693232 45.566515
2995 3 60250182 -122.715984 45.57927
1395 2 56744902 -122.733649 45.593324
1395 2 59443256 -122.733649 45.593324
2750 2 50542083 -122.727966 45.580515
2700 2 56486696 -122.687607 45.576557
2595 3 60213928 -122.695889 45.585653
2645 3 60025553 -122.691213 45.561034
3995 2 60151179 -122.695867 45.585725
1100 0 57503557 -122.735354 45.579758
2200 2 60108628 -122.750058 45.588323
2495 3 59737784 -122.697889 45.585807
1795 2 58720253 -122.695894 45.566603
2295 2 60088068 -122.714869 45.585228
1795 2 59190141 -122.695894 45.566603
1895 2 53788463 -122.690429 45.577569
1950 2 58675312 -122.692859 45.562921
1950 2 60001990 -122.73558 45.589616
1795 2 57584482 -122.732466 45.585781
1500 1 59190142 -122.7389 45.5922
1995 2 57373555 -122.747049 45.594643
2299 3 59774985 -122.703661 45.589799
1995 0 59568354 -122.753181 45.568218
1995 3 59527784 -122.709879 45.590015
2449 3 59367045 -122.716089 45.586302
1850 2 56335599 -122.732466 45.585781
1825 2 57048528 -122.727216 45.584053
1395 1 57112470 -122.695636 45.570364
2395 2 58351403 -122.687869 45.565762
1199 0 55438460 -122.75521 45.588977
1399 0 57393312 -122.659943 45.464015
2395 2 56232684 -122.653283 45.459985
1395 1 56423897 -122.638718 45.446823
2350 2 56470091 -122.646947 45.461818
1895 2 56449233 -122.637186 45.445859
1495 2 55475416 -122.631692 45.425663
1795 2 56328726 -122.6171 45.4424
1550 1 58003821 -122.637369 45.444712
3000 3 60216430 -122.636832 45.444666
1895 2 59256963 -122.637186 45.445859
1050 0 51496908 -122.617843 45.448643
1550 2 51454852 -122.641865 45.432697
675 2 50556399 -122.63433 45.457302
1795 2 57276205 -122.634554 45.432175
1131 0 51453193 -122.647835 45.464104
1295 2 52504010 -122.640291 45.423098
1045 1 60167049 -122.642698 45.461963
1579 2 57536988 -122.637419 45.426707
1295 0 56323632 -122.646336 45.464541
1550 1 59988087 -122.641274 45.433088
1299 1 60076021 -122.627088 45.448003
1945 3 59313160 -122.651264 45.463462
1328 0 51430109 -122.640224 45.442298
1500 2 59620891 -122.636391 45.437092
1595 2 59864510 -122.653253 45.459551
1525 2 57878685 -122.636752 45.444676
1695 2 56015726 -122.624708 45.433376
1399 0 55286151 -122.659688 45.463256
1600 2 59527435 -122.62702 45.445438
1250 0 59763564 -122.659945 45.464048
1595 1 59987871 -122.639731 45.447338
1700 2 59647086 -122.628829 45.451025
2482 2 54981289 -122.625202 45.444035
1425 2 57098145 -122.632489 45.445312
2599 3 59968380 -122.62614 45.446442
1550 2 59864096 -122.615908 45.459904
2195 2 58637864 -122.648747 45.464104
2995 3 60220695 -122.624764 45.426699
1672 1 54378744 -122.640224 45.442298
1328 0 54378741 -122.640224 45.442298
3499 4 60205005 -122.684472 45.458669
2794 3 53735225 -122.625202 45.444035
1795 2 60141978 -122.643593 45.429019
1995 2 60108948 -122.622532 45.446803
2795 4 59271967 -122.632369 45.430492
2550 3 60076682 -122.633003 45.458464
2700 3 58505198 -122.646381 45.460539
2700 3 59112730 -122.646381 45.460539
3500 3 59969910 -122.671805 45.423483
1899 2 59938733 -122.64308 45.430071
1695 2 57217320 -122.656214 45.458633
2595 3 59079951 -122.686369 45.453783
1595 2 59880631 -122.626959 45.452114
1488 0 53883643 -122.625202 45.444035
2365 2 59672081 -122.640698 45.448027
1415 0 59672065 -122.640698 45.448027
6595 4 58978022 -122.668375 45.447298
3365 2 59672082 -122.640698 45.448027
1635 1 59672067 -122.640698 45.448027
891 1 58366454 -122.673016 45.449921
1054 1 58378280 -122.682674 45.452571
622 1 58378281 -122.673016 45.449921
1599 1 52963937 -122.625202 45.444035
1054 1 58405277 -122.682674 45.452571
1395 1 60298931 -122.656385 45.465539
1995 2 56491612 -122.651704 45.493768
1465 1 57648693 -122.674002 45.495715
1600 1 59951481 -122.653435 45.468543
1795 1 60035676 -122.670684 45.496809
1099 0 42880781 -122.677183 45.503891
1299 0 51419249 -122.675678 45.494858
1600 1 59480579 -122.679753 45.497605
995 0 57475887 -122.676208 45.503171
1375 1 60297637 -122.652528 45.468827
1575 2 60074621 -122.677016 45.486753
1425 1 60216363 -122.677129 45.477551
1375 1 60205632 -122.650704 45.489842
1395 1 60202936 -122.652688 45.465256
995 0 59951674 -122.650704 45.489842
995 0 59349295 -122.650704 45.489842
995 0 59514234 -122.650704 45.489842
1995 2 59083009 -122.650704 45.489842
1995 2 59083013 -122.650704 45.489842
1325 1 57242274 -122.676469 45.496167
1425 1 60123814 -122.652688 45.465256
1225 1 58778473 -122.657726 45.501083
1140 1 59636878 -122.657726 45.501083
1140 1 59374418 -122.657726 45.501083
1120 0 58142454 -122.657726 45.501083
1350 1 57960151 -122.674194 45.498985
1295 1 54361281 -122.681202 45.500535
925 0 57360666 -122.678108 45.498848
1200 0 56324133 -122.653211 45.465695
1475 1 57575828 -122.6739 45.480738
1795 2 59887818 -122.678721 45.497424
1075 0 55441428 -122.6858 45.5086
1295 1 59955946 -122.653899 45.496497
1295 2 59317438 -122.685098 45.505431
2195 3 59955713 -122.651349 45.491694
3095 3 58934161 -122.684769 45.466575
2149 3 60114457 -122.673001 45.476329
2300 2 60322829 -122.652789 45.495929
950 0 56138563 -122.675333 45.507331
1240 2 56171956 -122.675333 45.507331
1030 1 58066211 -122.675333 45.507331
1450 2 56449990 -122.652672 45.495712
1349 1 50961317 -122.683825 45.470657
1550 2 59873609 -122.682801 45.505501
1195 1 59800799 -122.677701 45.49194
1695 2 60299009 -122.65711 45.499067
1025 1 56723023 -122.658739 45.499564
2300 1 60297747 -122.683184 45.472152
1995 1 60296607 -122.669448 45.49715
1495 1 59737814 -122.673986 45.496016
1850 2 60294792 -122.672952 45.470949
3250 3 59559910 -122.676508 45.482266
1450 1 55444397 -122.681578 45.488461
1190 0 55441433 -122.67722 45.497964
2195 1 57162884 -122.677068 45.483704
1050 0 55437200 -122.681759 45.501733
1439 0 53523933 -122.671405 45.49535
1732 1 50119659 -122.671405 45.49535
1245 1 56473762 -122.650637 45.491067
4500 2 58869774 -122.672617 45.50826
1374 0 50384782 -122.673532 45.484683
1295 1 60097153 -122.674563 45.498441
1325 0 56462038 -122.655955 45.507457
1275 0 56473743 -122.654402 45.508364
2995 4 60267446 -122.673508 45.476124
1495 1 58534805 -122.674168 45.481373
1125 0 59523943 -122.684707 45.467718
1295 0 56490697 -122.653425 45.504441
2228 2 50384786 -122.673532 45.484683
1425 1 50646525 -122.673532 45.484683
995 0 56444935 -122.677317 45.501186
1750 2 60195328 -122.674593 45.497143
1480 1 58860948 -122.676317 45.494949
2599 2 60236591 -122.673554 45.475276
2350 2 60075266 -122.673526 45.486722
1300 1 60141231 -122.686277 45.504216
2400 2 60141230 -122.686277 45.504216
1195 1 59317437 -122.685098 45.505431
3350 2 57476220 -122.670684 45.496809
3200 3 60026185 -122.679691 45.506501
2795 2 57710941 -122.681516 45.500364
2505 2 49867943 -122.671405 45.49535
2460 1 57299980 -122.679329 45.496204
2500 2 57003228 -122.679678 45.491226
1629 3 59821460 -122.674532 45.50681
1995 1 58564828 -122.672588 45.508316
1413 2 56693783 -122.674532 45.50681
1495 2 58734872 -122.652489 45.499332
1445 2 49849843 -122.652489 45.499332
1195 1 58637963 -122.684578 45.506278
1245 0 52433779 -122.635689 45.503028
1445 1 56910844 -122.625523 45.496028
1295 0 60172412 -122.638803 45.504747
1950 2 56449644 -122.62334 45.486402
1240 0 56547439 -122.636208 45.504583
2195 2 56449646 -122.62334 45.486001
1995 2 56449674 -122.621321 45.490074
1324 1 56443531 -122.64312 45.481943
1199 0 56535471 -122.634677 45.504564
2500 3 60283085 -122.6423868 45.5053857
1395 1 58997890 -122.620158 45.496605
1650 1 53129783 -122.626371 45.490947
1295 2 59374115 -122.62033 45.490232
1350 1 51497091 -122.631399 45.496725
1350 1 51497075 -122.636475 45.496356
1575 2 51496876 -122.626394 45.495734
1545 2 60204291 -122.650007 45.497326
1525 2 60108141 -122.621066 45.490074
2600 3 58682813 -122.623356 45.486534
1595 1 56443538 -122.64806 45.470763
1195 2 59898781 -122.620728 45.490511
1395 2 58764679 -122.649865 45.499511
1495 0 55433476 -122.64806 45.471308
1099 0 55438455 -122.624188 45.496959
1295 1 59270677 -122.637851 45.492985
1725 2 55442866 -122.634169 45.497897
1440 1 56607347 -122.622233 45.494204
1450 0 60326811 -122.621832 45.489333
1395 1 56800904 -122.635284 45.504583
1225 1 57476017 -122.623179 45.492605
1575 2 56464563 -122.649213 45.484125
1595 2 57271943 -122.622275 45.491204
1361 0 51441627 -122.649274 45.472649
1495 1 60311823 -122.650007 45.492432
1295 2 59290005 -122.637701 45.49292
1550 0 60298995 -122.636949 45.494509
2795 2 60296608 -122.650007 45.491743
1550 2 56345559 -122.632356 45.496021
1495 2 59661296 -122.636949 45.493959
1995 1 57062049 -122.643924 45.505758
1595 1 59980272 -122.650513 45.473487
1295 1 59980298 -122.62469 45.498089
1375 0 60251753 -122.6411 45.4847
1099 0 57547908 -122.648878 45.499204
1435 0 58509746 -122.62722 45.508566
2150 2 60276634 -122.614128 45.48501
1995 2 59339131 -122.643435 45.501822
1225 1 59797382 -122.62191 45.495059
1550 1 60091305 -122.630989 45.493178
2015 2 56480054 -122.637086 45.501733
2650 2 60266132 -122.620048 45.470997
2650 2 60254957 -122.642917 45.472953
2000 2 60238448 -122.61893 45.490814
2095 2 55355256 -122.617553 45.505441
2650 3 59645670 -122.621337 45.468927
1995 2 59358599 -122.6177 45.505501
1775 1 60175814 -122.63233 45.503763
2745 3 60088398 -122.621294 45.474969
5000 5 60088270 -122.62887 45.478408
3095 4 60067287 -122.642865 45.469329
3099 3 59428908 -122.622302 45.508566
1275 0 56934630 -122.628475 45.484987
1495 1 58368299 -122.643381 45.503246
2995 2 59942049 -122.625275 45.506514
2875 2 59774863 -122.634192 45.505064
3199 4 59367047 -122.645878 45.500186
2700 4 56487691 -122.648054 45.504619
1250 1 59890141 -122.622728 45.48936
1295 0 54424571 -122.635252 45.505022
1610 1 47400307 -122.554118 45.433452
1895 2 55429967 -122.602073 45.4479
2400 1 60297944 -122.561879 45.457464
1500 2 51474319 -122.582751 45.439902
1600 2 51496893 -122.584302 45.439241
1150 0 51454838 -122.598706 45.433323
1521 1 51433306 -122.561703 45.428144
1500 2 57397432 -122.582421 45.438748
1695 2 59085122 -122.575593 45.441914
650 0 59490335 -122.581088 45.448699
None 0 58980428 -122.576246 45.440762
1399 2 60322581 -122.582935 45.455198
1300 2 59938647 -122.600984 45.428164
1575 2 51428446 -122.561603 45.423129
1649 2 53783849 -122.576979 45.440818
1849 2 57133934 -122.582039 45.44487
3395 4 60297335 -122.557569 45.446561
1795 2 60001858 -122.599341 45.461783
1553 1 52628722 -122.57508 45.441621
2163 2 52628723 -122.57508 45.441621
1595 2 55432656 -122.583091 45.457752
1699 2 60035889 -122.588901 45.454144
2775 3 52628728 -122.57508 45.441621
1600 2 57894755 -122.582678 45.458207
1425 2 56601046 -122.589799 45.423601
2095 2 59950551 -122.601414 45.432241
2500 3 60204490 -122.583811 45.444482
1758 2 52628726 -122.57508 45.441621
1700 1 59791015 -122.594863 45.459602
1195 1 59213453 -122.602119 45.462559
1950 2 53273766 -122.576979 45.440818
1995 2 58639096 -122.578252 45.468803
1545 1 56314405 -122.610912 45.50614
1950 2 59671709 -122.610206 45.478921
1218 1 54008220 -122.575049 45.484461
1440 0 53932660 -122.611321 45.503838
1375 1 53129781 -122.589119 45.484998
4495 4 60293535 -122.590928 45.500457
1225 1 53125800 -122.588014 45.497991
1350 2 56448175 -122.549017 45.495441
1350 2 56448166 -122.5617 45.4856
1200 1 51497162 -122.608314 45.478005
1350 2 51497040 -122.563819 45.50714
1124 1 59226956 -122.551272 45.49515
1599 2 49930500 -122.604624 45.490884
1695 2 49967759 -122.604625 45.49094
1225 1 59662143 -122.600348 45.491807
1400 2 58501954 -122.574952 45.505222
1750 2 50884691 -122.562239 45.474969
1195 1 58012848 -122.56869 45.46838
2195 3 58889900 -122.5412956 45.4822785
1390 0 58489140 -122.612912 45.478788
1400 2 56485100 -122.579752 45.473953
1499 2 55442350 -122.571496 45.467692
1950 3 55118079 -122.557545 45.480663
925 0 59968099 -122.611614 45.501316
895 0 57769090 -122.576371 45.484507
1250 1 59527273 -122.589014 45.497929
1699 2 56695703 -122.611331 45.501975
1195 0 59671359 -122.607638 45.478744
1225 0 16154847 -122.613614 45.505514
1800 2 56519379 -122.546282 45.505005
1900 2 59038240 -122.568656 45.500678
1550 2 54828493 -122.594067 45.495916
2045 2 59645881 -122.590199 45.485783
2350 3 59984381 -122.584925 45.469679
250 0 59347408 -122.590537 45.505652
1450 2 60177343 -122.588859 45.483943
2195 3 59822729 -122.541361 45.492745
2690 3 43780711 -122.610411 45.481534
1395 1 60298001 -122.589366 45.480568
1950 2 60295740 -122.600005 45.495653
1195 1 56484220 -122.567827 45.490318
1495 2 60295087 -122.606026 45.493831
1395 1 60295089 -122.606026 45.493831
2135 2 59773889 -122.611136 45.468292
2400 3 58118581 -122.573252 45.47702
2295 3 60125741 -122.569745 45.491545
1300 1 60292141 -122.602722 45.497743
1390 1 56845685 -122.568962 45.476693
1375 1 60236614 -122.603552 45.492585
2885 3 60216557 -122.599673 45.502787
1850 2 58081924 -122.598907 45.487629
1595 2 57504986 -122.594218 45.498089
2045 2 60216414 -122.593015 45.497929
2995 3 60276164 -122.596932 45.473579
2695 4 60276157 -122.569381 45.47606
1695 2 60097162 -122.548401 45.495662
1495 2 59672820 -122.579465 45.501364
1825 2 59955784 -122.60824 45.488415
1825 2 58999332 -122.598905 45.487739
1200 1 60025344 -122.589421 45.484272
2295 3 60088506 -122.5992 45.4834
2495 2 60088517 -122.573471 45.498969
1450 2 57214132 -122.579948 45.493649
2595 3 58534534 -122.543086 45.482131
2000 2 51483088 -122.562624 45.501289
1220 1 59081223 -122.587843 45.505328
1445 1 46481108 -122.586038 45.486208
1555 2 60251904 -122.568893 45.47729
2150 3 59673077 -122.577229 45.478788
1190 0 59341974 -122.613439 45.467348
2295 2 56330950 -122.610244 45.481263
1650 2 60240078 -122.596901 45.478318
2335 2 60086711 -122.587559 45.477763
2190 2 55135335 -122.6137 45.503521
2995 4 60074616 -122.577729 45.473596
1595 1 54736655 -122.610304 45.505022
1800 2 60150819 -122.607849 45.505535
2450 2 60076884 -122.591928 45.470319
2800 3 60076262 -122.551364 45.469827
2599 3 59724551 -122.585091 45.479408
1490 2 59773459 -122.587843 45.505328
2899 4 59136802 -122.575168 45.472829
2165 2 59157416 -122.591288 45.480722
1180 1 59876015 -122.576688 45.478726
3045 4 59798507 -122.598643 45.492204
2745 3 59762124 -122.598626 45.493299
2150 3 59722119 -122.575729 45.476613
2695 3 59694928 -122.585039 45.49427
2995 3 58829425 -122.584 45.4834
2695 4 58775857 -122.595248 45.481959
1800 2 59225690 -122.57647 45.495819
2099 3 58092129 -122.575856 45.500569
1995 2 58637309 -122.608357 45.478368
925 0 59809217 -122.599732 45.493933
1645 2 59058752 -122.589528 45.478802
1850 1 33826056 -122.6806904 45.5303063
1840 1 59358075 -122.68085 45.529899
1300 1 55472734 -122.68408 45.514896
2375 2 60216466 -122.674261 45.529676
1366 0 54251069 -122.686431 45.526408
4000 1 59874346 -122.67097754864935 45.52740256394794
2550 1 59920779 -122.679546 45.509799
2270 2 58854012 -122.672635 45.528632
1025 0 55079116 -122.684536 45.50899
4000 1 59874344 -122.67097754864935 45.52740256394794
2100 1 60216924 -122.67386 45.510084
2060 1 58679849 -122.680563 45.527494
900 0 55472732 -122.684014 45.51502
1195 1 56339881 -122.686128 45.515447
1100 0 55442813 -122.684066 45.514692
1290 0 52729569 -122.67917 45.523207
699 0 59139605 -122.672721 45.523494
995 0 56339873 -122.686953 45.520394
1199 0 58501535 -122.686536 45.514402
1095 1 52172242 -122.68181 45.510328
875 0 59851642 -122.680658 45.519869
995 0 59569331 -122.6848 45.5294
995 0 56339875 -122.686261 45.515957
1295 1 59762285 -122.685522 45.515489
2395 2 58384826 -122.684578 45.516525
1025 0 59949879 -122.683008 45.521086
1450 1 52172240 -122.683066 45.514477
1600 1 60322659 -122.67382 45.529467
2695 2 60322513 -122.685699 45.514609
1450 1 59313035 -122.679194 45.510511
975 0 58913524 -122.682977 45.522029
2100 2 60297376 -122.674797 45.530186
1895 1 50355069 -122.68628 45.529903
1750 1 58912591 -122.67209 45.527658
1750 1 59981303 -122.683036 45.530666
1050 0 59739105 -122.677428 45.525412
1176 0 52042767 -122.67429 45.508887
1605 2 52042776 -122.67429 45.508887
1149 0 56444022 -122.682825 45.518161
1750 0 57373352 -122.676852 45.512733
2530 2 52778965 -122.686953 45.514674
1712 1 52042770 -122.67429 45.508887
1981 1 57373357 -122.676852 45.512733
1500 1 57572163 -122.672457 45.52824
1814 1 52141488 -122.673501 45.522229
3245 3 59888002 -122.678532 45.510328
925 0 56473247 -122.685251 45.519095
3450 2 60273843 -122.681825 45.529467
1550 0 52166640 -122.682904 45.525302
1195 1 56756004 -122.686504 45.515706
899 0 58804232 -122.67529 45.520174
1295 0 51797491 -122.673501 45.522229
1431 1 51065749 -122.685135 45.516745
2400 2 60035771 -122.679194 45.510511
2295 2 60035772 -122.675783 45.530519
2700 2 56459809 -122.677753 45.512877
4200 2 59715567 -122.681642 45.523903
1975 1 60239609 -122.680261 45.513206
2576 2 58752967 -122.685662 45.527116
3150 3 53922564 -122.67429 45.508887
1860 2 52042774 -122.67429 45.508887
2375 2 60225752 -122.674261 45.529676
2495 1 59008724 -122.681642 45.523903
1425 1 60142013 -122.678532 45.510328
2399 0 58549064 -122.683036 45.530666
3547 2 57373364 -122.676852 45.512733
675 0 56118711 -122.68508 45.522218
1387 0 50707390 -122.685135 45.516745
1927 2 50707396 -122.685135 45.516745
1239 0 50707452 -122.686953 45.514674
2300 2 60159729 -122.678532 45.510328
2364 2 57030402 -122.676852 45.512733
1645 0 58752972 -122.685662 45.527116
1962 1 59454275 -122.685662 45.527116
1499 1 50707455 -122.686953 45.514674
1600 1 59672893 -122.672635 45.528632
1599 1 60013095 -122.679194 45.510511
2200 0 60006012 -122.6860554 45.5299226
1825 0 51765409 -122.685263 45.528324
2200 1 59919044 -122.68628 45.529903
1475 1 58665619 -122.670811 45.524288
1275 0 59089936 -122.670811 45.524288
950 0 58422793 -122.686988 45.523232
1300 0 56244982 -122.651351 45.512368
1376 0 57464169 -122.655514 45.521427
2328 1 51305666 -122.658044 45.530471
1375 1 59997990 -122.651855 45.519733
1395 1 60236046 -122.651855 45.519733
1125 0 60107697 -122.652855 45.515939
1355 1 56353315 -122.650726 45.512376
1875 2 59452536 -122.650726 45.512376
1275 0 56993761 -122.657349 45.523481
975 0 56322525 -122.658018 45.51745
1249 0 51430202 -122.660423 45.516298
1275 0 51431506 -122.654758 45.515988
1240 1 52253898 -122.65999 45.523998
1132 0 56445343 -122.660472 45.530058
1394 0 27761302 -122.659228 45.516851
950 0 56934357 -122.659437 45.517292
925 0 56460197 -122.654969 45.517633
1195 0 16154854 -122.653349 45.514706
1195 0 58691849 -122.660129 45.530392
2198 1 49744597 -122.651483 45.524425
1422 0 53454088 -122.654319 45.517141
1455 0 45306703 -122.658044 45.530471
2513 2 59082332 -122.655514 45.521427
1507 1 49744611 -122.651972 45.523269
1971 2 49744618 -122.651972 45.523269
1338 1 25594296 -122.655371 45.522344
1950 2 60275984 -122.65084 45.521085
2501 2 54118329 -122.651972 45.523269
995 0 56452482 -122.650929 45.516642
3010 2 57880791 -122.655514 45.521427
925 0 56660366 -122.662062 45.524148
1376 0 57880780 -122.655514 45.521427
2400 2 53199016 -122.66365 45.523155
1899 1 53199009 -122.66365 45.523155
1349 1 52717156 -122.65331 45.520411
1299 0 49744591 -122.651483 45.524425
1525 0 53199019 -122.66365 45.523155
1850 1 57880788 -122.655514 45.521427
2995 2 59621844 -122.660129 45.530392
1375 0 50869310 -122.651972 45.523269
1031 0 45259056 -122.67617 45.541623
1200 0 54852995 -122.655152 45.536421
895 1 60322533 -122.656868 45.540128
1475 1 59928316 -122.660945 45.535945
2145 1 56456938 -122.675588 45.542082
1500 1 60098500 -122.653188 45.539831
1495 1 60275975 -122.656232 45.540374
2250 2 58856314 -122.669297 45.548935
1479 1 59610632 -122.683759 45.533278
1475 0 56764881 -122.67545 45.550521
2197 1 51307418 -122.657188 45.531089
2075 1 57012620 -122.685415 45.536703
1447 0 55238645 -122.659307 45.533259
1145 0 56495510 -122.667625 45.539852
1250 1 59336926 -122.651102 45.534141
1575 1 55443186 -122.667062 45.549684
1025 0 55442509 -122.664483 45.531348
945 0 55444850 -122.667872 45.550992
999 0 55438443 -122.675852 45.550693
845 0 59580873 -122.666773 45.54625
999 0 55438439 -122.667612 45.549965
1349 1 55438441 -122.675852 45.550545
3120 4 49069706 -122.6552429 45.5385923
1125 1 57088648 -122.667389 45.540154
1100 0 54058037 -122.664406 45.531027
1290 0 56460875 -122.666792 45.549908
1050 1 56324910 -122.676306 45.55041
1895 2 59537093 -122.663092 45.548017
2100 2 45550074 -122.684321 45.534156
1190 1 60224317 -122.66798 45.540282
1499 1 56646329 -122.681773 45.549324
1450 1 55437189 -122.661919 45.546623
1774 1 52801866 -122.675879 45.547044
1250 0 56339872 -122.652172 45.53878
1389 0 52171300 -122.684914 45.533269
2895 3 59008386 -122.653773 45.544913
1795 2 60321002 -122.657264 45.536919
2695 4 55229203 -122.663435 45.543065
1353 0 45306679 -122.657188 45.531089
2395 3 60298747 -122.669339 45.552613
3700 4 60295415 -122.653096 45.536654
1245 0 59583192 -122.666959 45.546259
1425 1 60088617 -122.662615 45.531126
1395 0 52801864 -122.675879 45.547044
1850 2 41293078 -122.65888 45.540555
1282 0 25594299 -122.667339 45.548017
1732 0 55440730 -122.666354 45.547759
1395 2 58681860 -122.662162 45.546282
1950 1 58363124 -122.65788 45.53678
1237 1 59452554 -122.667483 45.544866
1650 1 55437187 -122.661924 45.544342
3611 2 59285580 -122.683173 45.532446
2307 2 60114529 -122.667603 45.546459
1125 0 59428639 -122.662339 45.545128
2245 2 58175742 -122.676935 45.548899
2575 2 52801868 -122.675879 45.547044
2650 1 60251122 -122.681006 45.532622
2500 1 59992272 -122.678721 45.532857
3235 1 57648290 -122.683173 45.532446
1350 0 60224376 -122.662615 45.531126
3849 3 59822246 -122.668956 45.548058
4800 4 60195900 -122.659203 45.546638
1475 1 60114563 -122.662615 45.531126
1299 1 59492138 -122.667603 45.546459
2150 2 60088628 -122.662615 45.531126
3900 3 60034807 -122.655364 45.552713
2899 3 59899561 -122.660375 45.551381
3795 4 57622129 -122.671554 45.549821
1995 1 59821918 -122.680787 45.531703
925 0 59851747 -122.669375 45.535713
2850 1 58409225 -122.680904 45.531323
1621 3 59660860 -122.685066 45.53396
2100 1 57517656 -122.666354 45.547759
10200 4 59029736 -122.665793 45.542459
1495 1 55436067 -122.644813 45.511706
1550 1 55442843 -122.616809 45.527532
1425 1 56315783 -122.624856 45.51151
1295 0 58765354 -122.640112 45.526867
1245 0 57227086 -122.624902 45.516668
2745 2 59887524 -122.644739 45.519723
1395 1 60087037 -122.648213 45.524102
1465 0 53305930 -122.649882 45.525623
1795 2 60064607 -122.650406 45.517253
1400 1 51497033 -122.634405 45.520411
1875 2 59981171 -122.642544 45.526232
1550 2 56323649 -122.640965 45.514748
1045 0 60169012 -122.646182 45.524099
1095 0 56339885 -122.648835 45.511939
1795 2 56674265 -122.648255 45.518393
1195 1 56448622 -122.614465 45.526451
1149 0 57326662 -122.640647 45.521961
1050 0 58936933 -122.648982 45.517686
1425 1 56488962 -122.648487 45.511939
1825 2 60098463 -122.646046 45.522456
1200 0 59645352 -122.64089 45.528113
1095 0 56339886 -122.649182 45.511939
1400 1 56464222 -122.637391 45.5188
1495 1 56912846 -122.635724 45.512633
895 0 59517268 -122.638113 45.528713
999 0 59322157 -122.649028 45.526196
1289 1 52540123 -122.63621 45.523752
1479 1 56835473 -122.638657 45.522362
1200 1 57068196 -122.615781 45.530352
1729 2 57150473 -122.633989 45.526723
200 0 59595468 -122.642106 45.512289
1795 1 55774147 -122.635273 45.516929
1295 0 56469062 -122.628999 45.512343
1695 1 60298795 -122.637819 45.525929
1399 1 58422916 -122.625688 45.512101
1485 1 56448522 -122.64877 45.527855
2700 3 60292655 -122.615839 45.509194
1199 0 56835474 -122.633465 45.529818
1595 2 56787000 -122.63819 45.518953
1745 1 56546945 -122.641618 45.529599
1725 1 60114469 -122.614809 45.524841
1390 1 56491861 -122.645301 45.516298
1375 1 59453878 -122.646954 45.517404
1375 2 58615475 -122.637203 45.521171
1480 1 56685603 -122.638453 45.527599
1795 0 56475467 -122.631284 45.511838
1995 2 60024814 -122.643159 45.513795
1195 0 56836996 -122.642721 45.527767
1295 1 56886989 -122.619599 45.516962
1299 0 56885681 -122.647282 45.512421
1695 2 60275979 -122.632951 45.51639
1450 1 59774705 -122.6456 45.5293
1699 2 60274131 -122.631657 45.518753
1225 0 45771697 -122.616613 45.516629
1495 1 57904300 -122.647282 45.519069
1350 1 59127841 -122.6472 45.5144
1245 1 57688168 -122.622714 45.511205
2095 2 59956025 -122.637405 45.517714
1695 2 60250932 -122.648813 45.514573
1495 1 60238799 -122.614254 45.516385
1735 1 52014615 -122.638851 45.523232
2650 2 60195899 -122.646698 45.519838
2750 2 59750881 -122.647347 45.517008
1445 1 48681747 -122.630116 45.516236
4995 3 60151181 -122.61923 45.518995
2150 2 60125645 -122.647437 45.521832
1395 1 60101407 -122.648213 45.524102
1495 1 60077453 -122.637554 45.527867
1695 2 59373813 -122.637037 45.52726
1595 1 53876953 -122.637964 45.528588
2795 2 59813495 -122.620218 45.518109
2599 2 52014621 -122.638851 45.523232
1345 0 52014614 -122.638851 45.523232
1395 1 55466126 -122.645238 45.533292
1595 2 59842080 -122.643952 45.533659
1450 1 60293448 -122.645679 45.535807
1395 1 59490565 -122.644431 45.53366
1499 1 58900680 -122.642291 45.531049
1725 2 56318973 -122.644712 45.535673
1450 1 60176411 -122.645895 45.535679
1450 1 60176412 -122.645467 45.536513
1450 1 59902654 -122.644726 45.535673
1725 2 59798209 -122.647076 45.535804
3530 5 59087346 -122.640865 45.545447
1425 1 51497032 -122.644435 45.534092
1175 0 56337188 -122.621002 45.534988
1025 0 59795782 -122.630265 45.532156
795 0 55444806 -122.621582 45.534222
1800 0 59981386 -122.621074 45.537491
1350 0 57371997 -122.641809 45.534
2995 3 59647070 -122.627401 45.537553
1541 1 55058203 -122.649721 45.533269
1295 1 57710967 -122.616648 45.533992
1050 0 57100408 -122.614648 45.53817
2333 3 58054123 -122.649682 45.534545
1495 1 55437536 -122.619136 45.534156
1495 1 60311901 -122.638548 45.533127
1595 1 60311824 -122.645255 45.533049
4300 3 60298279 -122.616061 45.544044
1250 1 59893470 -122.648054 45.533889
1995 3 58936936 -122.643255 45.533818
1500 1 48070141 -122.635548 45.535352
1950 2 60293311 -122.646979 45.53417
2017 2 52705152 -122.632927 45.534259
2395 1 60195774 -122.6445 45.5434
1649 1 56618952 -122.639809 45.534269
1595 2 55443175 -122.615293 45.535686
1825 2 60142044 -122.642479 45.533373
1850 2 56469554 -122.61584 45.536452
1549 2 60236145 -122.616829 45.536453
1500 2 57313965 -122.645593 45.53211
1450 1 59920316 -122.644726 45.535673
1650 2 59594750 -122.645255 45.536286
1545 1 60129836 -122.615871 45.536626
2995 3 60086717 -122.623679 45.536373
3995 5 59306164 -122.646584 45.545879
1594 1 58998615 -122.616533 45.548512
3950 4 47733393 -122.647468 45.533384
1534 1 51034771 -122.632927 45.534259
4482 4 52876967 -122.633845 45.535988
2088 2 51034772 -122.632927 45.534259
1371 0 51034769 -122.632927 45.534259
1125 0 58752347 -122.681583 45.562439
1395 1 56861305 -122.680856 45.571597
1395 1 56492271 -122.675212 45.569371
1295 1 59832757 -122.680031 45.568263
1295 1 56344067 -122.681931 45.571703
1649 1 56933442 -122.667034 45.556955
2500 2 60297242 -122.651018 45.557449
1595 2 57708831 -122.6856 45.5775
2150 1 60001994 -122.67909 45.580495
1495 1 56631129 -122.681277 45.571948
1515 1 60293456 -122.680119 45.554798
1295 1 56534828 -122.672119 45.57027
1329 1 56315776 -122.679697 45.573406
2449 2 56887041 -122.668879 45.558399
1399 1 58222405 -122.650776 45.559325
2695 3 60125367 -122.684251 45.557426
1549 1 59127314 -122.650776 45.559325
1425 1 58422517 -122.650776 45.559325
1610 1 59875682 -122.681884 45.564698
1350 1 57154113 -122.68716 45.562921
1589 1 57326626 -122.679699 45.573201
1250 1 55437198 -122.6751934 45.555055
995 0 56495519 -122.660678 45.57196
1235 0 57180448 -122.683134 45.574504
1498 1 58869012 -122.679473 45.55921
1325 2 56931876 -122.679897 45.571041
2600 3 60047349 -122.685242 45.580042
888 0 54345376 -122.677563 45.556516
2695 4 59673217 -122.652399 45.557772
1195 1 56469221 -122.680801 45.556674
2495 3 60251776 -122.679749 45.561559
1895 2 59955447 -122.652264 45.573052
1150 0 54058035 -122.682436 45.559761
1295 1 54834996 -122.682904 45.575035
2195 1 59546420 -122.67497 45.577549
1995 0 60315162 -122.67497 45.577549
1850 2 60297387 -122.67986 45.564656
3295 2 58203083 -122.673212 45.557829
2595 4 56458230 -122.677351 45.56608
1395 1 59621061 -122.672508 45.570208
1895 2 59136806 -122.677024 45.581583
1749 2 60125106 -122.668218 45.562523
1350 1 55437199 -122.675057 45.555905
2295 2 57310650 -122.682477 45.580894
2295 2 57310655 -122.682769 45.580742
1145 0 57697911 -122.683064 45.565584
1395 1 59533527 -122.669178 45.570176
1295 1 57088600 -122.687242 45.581198
1425 1 56664162 -122.683482 45.569964
2400 2 60038915 -122.671526 45.555144
1795 2 56635202 -122.66065 45.573465
1495 2 60204935 -122.682983 45.560468
1225 0 55877255 -122.661193 45.553525
2199 2 60276520 -122.683166 45.570842
1350 1 59594070 -122.682607 45.560293
1595 1 56476769 -122.658228 45.558837
1995 2 59876060 -122.679457 45.574479
1695 2 59928288 -122.672652 45.581172
1995 3 60141907 -122.663361 45.557451
1345 1 56448008 -122.680483 45.565362
2699 2 56487036 -122.681783 45.556792
1125 1 59737880 -122.683103 45.561174
1399 1 58248631 -122.650776 45.559325
1800 1 58524356 -122.656458 45.560439
2400 2 60237375 -122.667339 45.556613
1149 0 52727299 -122.661716 45.553421
1399 1 52926757 -122.661716 45.553421
1349 1 52727301 -122.661716 45.553421
1678 1 49834647 -122.680128 45.554353
3000 3 60205890 -122.658502 45.57427
1975 2 59768023 -122.66018 45.558426
1492 2 60108368 -122.682077 45.559762
1713 3 60108369 -122.682077 45.559762
1793 1 50919916 -122.667129 45.554798
2440 2 59526667 -122.667129 45.554798
2895 4 59539122 -122.662897 45.569794
1456 0 50104426 -122.680128 45.554353
2995 3 60086718 -122.675749 45.564256
1800 2 59984691 -122.682088 45.554032
1095 0 59821872 -122.681869 45.563863
1295 1 59595237 -122.682082 45.554103
1800 2 59533228 -122.682088 45.554032
1395 1 59928061 -122.682553 45.567889
2395 2 59826678 -122.65076 45.561691
2695 4 59480238 -122.673721 45.553188
2315 2 57006264 -122.683914 45.576429
2299 2 59526666 -122.667129 45.554798
1887 1 57347571 -122.667645 45.555288
2032 2 49834650 -122.680128 45.554353
1405 0 50919914 -122.667129 45.554798
2695 4 59505316 -122.673721 45.553188
1650 2 59311536 -122.685553 45.576429
1795 2 59582082 -122.636092 45.56294
1424 1 58618730 -122.648359 45.563004
2595 2 60205860 -122.623759 45.563343
1395 1 59582081 -122.636092 45.562909
1750 2 59844329 -122.616574 45.562567
925 1 58509755 -122.619689 45.555899
3900 3 59900323 -122.635603 45.560945
1525 1 56818908 -122.634648 45.562773
1995 1 60322627 -122.629959 45.569045
2195 2 60316359 -122.646924 45.573101
4395 6 60296694 -122.642593 45.558372
2950 2 59409899 -122.646538 45.553288
1895 2 59370259 -122.620728 45.566727
1495 1 55856512 -122.6435985 45.5582336
1550 1 58567077 -122.637837 45.564229
1500 1 60217289 -122.646301 45.564801
2695 2 60276586 -122.640632 45.559856
2495 2 60086710 -122.620741 45.554533
2100 2 60142506 -122.642046 45.574465
2195 2 59851856 -122.618009 45.563863
1495 2 59270735 -122.646979 45.560475
2695 3 59313123 -122.6474 45.569
1600 1 60237374 -122.620326 45.55582
2295 3 59825459 -122.618456 45.564515
3795 4 56741295 -122.650399 45.559525
2295 2 60086719 -122.622638 45.560515
2895 4 59809831 -122.650291 45.567915
1795 2 56814793 -122.585515 45.525947
1499 1 56933203 -122.605868 45.526558
1295 0 56454483 -122.6003 45.5369
1695 2 59583005 -122.583258 45.526738
1399 1 58285486 -122.611728 45.509643
1449 1 57434038 -122.611728 45.509643
1115 0 58774014 -122.602126 45.517675
1299 2 59910182 -122.579014 45.551577
1843 2 59062349 -122.593212 45.534401
2395 2 59927300 -122.589503 45.55176
2995 2 59795382 -122.610623 45.523174
1375 1 59938480 -122.5793425 45.5293224
1510 2 59526586 -122.595305 45.53611
1495 1 55436073 -122.613738 45.512079
1099 0 58900249 -122.605059 45.522764
999 0 56316062 -122.602497 45.522808
1495 2 60322563 -122.583053 45.551328
1499 1 56315419 -122.605136 45.526557
1295 1 56446154 -122.592553 45.532622
999 0 55438758 -122.607331 45.526738
1195 1 59030515 -122.584455 45.535027
1595 2 56459852 -122.595801 45.522841
1025 1 56353784 -122.5994 45.5151
1199 0 55434232 -122.601452 45.515714
1289 1 56448003 -122.586882 45.52674
750 0 60204652 -122.611648 45.523202
750 0 60275923 -122.601738 45.517913
935 0 47978930 -122.608152 45.528859
1275 2 58924311 -122.579525 45.513328
1595 2 58912445 -122.61108 45.519338
2199 3 59821670 -122.583166 45.521802
1349 2 58119088 -122.580219 45.538334
899 0 58828618 -122.579573 45.528779
1895 2 60326011 -122.583258 45.526738
1099 0 55438756 -122.60877 45.526562
1450 1 59527479 -122.610734 45.548208
1495 2 56334668 -122.597476 45.526859
1095 0 60315547 -122.578728 45.552842
2195 3 44830545 -122.607331 45.526985
1199 1 60298715 -122.597967 45.533937
1450 2 60298202 -122.600839 45.530792
3299 3 60296878 -122.589472 45.521302
1995 2 60296443 -122.587528 45.533757
2099 1 60295882 -122.602283 45.53134
3195 3 59965982 -122.602918 45.537392
1395 2 60294477 -122.591762 45.532987
2295 3 59550104 -122.613653 45.535818
1299 1 58687684 -122.611128 45.523174
1325 0 56470582 -122.608222 45.541039
1195 0 57373372 -122.611228 45.53931
3395 4 60111714 -122.613662 45.534292
1725 3 60060128 -122.594126 45.529044
2135 2 58817774 -122.583039 45.552589
1345 1 59810000 -122.580692 45.509064
1495 1 58079263 -122.602222 45.516539
1395 1 59984693 -122.581557 45.52059
1500 2 50740106 -122.599833 45.529588
2195 3 49161146 -122.607331 45.526985
4495 4 44830544 -122.607331 45.526985
4495 4 54707755 -122.607331 45.526985
1600 2 58175806 -122.608563 45.523479
4799 5 60127264 -122.591849 45.518838
2195 2 60097073 -122.601881 45.532192
3495 4 60053916 -122.584377 45.520059
1000 1 60047861 -122.593213 45.534386
1899 2 60045284 -122.593789 45.529933
2295 4 59774829 -122.586106 45.531992
2395 3 59955664 -122.584725 45.543909
1135 1 56320337 -122.587613 45.548905
1135 1 59750367 -122.587613 45.548905
1949 2 59367578 -122.584004 45.518147
1949 2 59735917 -122.584201 45.518317
3750 2 56127074 -122.598648 45.522973
1305 2 58828620 -122.579573 45.528779
1142 1 58828619 -122.579573 45.528779
1995 2 56330763 -122.578052 45.517877
1173 0 56989918 -122.555613 45.523113
1550 2 51497066 -122.571325 45.529431
1300 1 51496943 -122.552485 45.532893
1050 0 51496980 -122.560749 45.525041
1350 2 56448165 -122.56 45.548
1675 2 51496888 -122.554749 45.536064
1190 1 51497154 -122.56 45.548
1095 1 59453872 -122.554999 45.521456
2015 3 58498838 -122.569683 45.547638
1216 2 59851641 -122.576663 45.534769
1495 2 55475091 -122.556737 45.527779
2025 2 58223179 -122.550007 45.518573
1050 1 59984030 -122.569248 45.528713
2800 3 60142280 -122.575146 45.545065
1750 2 59941009 -122.573252 45.519668
1099 1 58861012 -122.569109 45.528433
1025 0 57240454 -122.563495 45.525222
1350 1 58925559 -122.562061 45.526234
1395 1 60002449 -122.541065 45.532893
1495 2 12824131 -122.547603 45.526818
1595 2 59403540 -122.546703 45.534578
1395 2 56696138 -122.569248 45.523029
1395 2 60288620 -122.556029 45.545941
1600 2 60098673 -122.5603 45.5151
1495 2 60130543 -122.540579 45.521481
1750 2 59698424 -122.575168 45.530713
1500 1 60266086 -122.551747 45.532719
1400 2 59103257 -122.570614 45.530348
1575 2 60252457 -122.562762 45.527623
2250 3 60176619 -122.568819 45.534365
2895 3 60167014 -122.551083 45.530216
2495 3 60036040 -122.541693 45.519504
1095 0 60297214 -122.578987 45.552968
1550 3 59750274 -122.613648 45.563019
1545 2 59684763 -122.570817 45.561642
1825 2 60297290 -122.600519 45.565712
1450 1 60293994 -122.543879 45.557533
2800 4 60274411 -122.581984 45.554314
2100 3 50446511 -122.550757 45.557844
1795 2 58372857 -122.602326 45.555532
925 0 60265481 -122.556755 45.55629
1399 1 59477643 -122.605875 45.562921
980 1 60231353 -122.553968 45.554072
650 1 51790370 -122.5997 45.567
1625 2 60106472 -122.613437 45.555591
2125 2 54755843 -122.593859 45.559353
2495 3 59763465 -122.555136 45.557014
1025 1 59539025 -122.556755 45.55629
2495 4 49744964 -122.611633 45.562248
