925 0 55436518 -106.003557 35.648659
1747 0 57662482 -106.034331 35.636159
4200 2 57357711 -105.915142 35.676508
1680 2 53908603 -106.044035 35.628819
1898 1 60193105 -106.032971 35.655855
1578 1 52076775 -106.036692 35.652416
2800 3 60324208 -105.974031 35.675449
2500 4 58153265 -105.983263 35.675952
1250 1 56478723 -105.999932 35.65366
3075 3 60322682 -105.956411 35.685953
1585 2 57030515 -105.962459 35.657983
2190 3 57414130 -105.962459 35.657983
1805 2 50735760 -106.016623 35.644082
4000 4 60159624 -106.021858 35.605922
4000 3 58584708 -105.9312 35.702
2300 3 60298837 -105.961303 35.680619
2900 2 60295631 -105.964515 35.641176
2450 2 59738832 -106.008419 35.642538
1650 1 59738831 -106.008419 35.642538
3000 4 59697221 -105.986034 35.65105
1950 2 60294030 -106.027063 35.637186
1899 1 57030425 -106.029433 35.611984
2099 2 57030426 -106.029433 35.611984
1625 0 51092543 -105.954202 35.647213
1825 2 51092544 -105.954202 35.647213
5000 3 60069135 -105.920888 35.674987
2200 2 60276543 -105.942359 35.690393
2500 1 60264826 -105.949527 35.668062
2100 2 60262573 -105.961394 35.674668
1500 1 60025502 -105.949665 35.703654
1775 1 60264857 -105.945974 35.674425
3500 2 60264853 -105.933588 35.677546
2000 2 60264850 -105.955193 35.64967
1450 1 60264845 -105.926155 35.683711
1650 2 60264843 -105.957914 35.667518
2700 2 60264828 -105.961203 35.679668
1400 0 60264824 -105.978925 35.678684
2295 3 50735761 -106.016623 35.644082
2208 2 60163069 -105.953252 35.691815
1500 1 59139113 -105.940938 35.687472
2500 1 60251801 -106.0349 35.6361
1495 1 51092542 -105.954202 35.647213
2250 2 60231745 -106.013806 35.648301
3200 2 59980015 -105.948126 35.689403
2733 3 57030427 -106.029433 35.611984
2700 3 53615730 -105.957007 35.692904
1795 1 50735759 -106.016623 35.644082
3000 2 60214148 -105.9407 35.704563
3600 2 60214125 -105.945276 35.678252
2300 2 59928001 -105.949112 35.685215
2700 4 60195683 -105.973065 35.639148
1925 2 60069134 -105.955193 35.64967
1095 1 60091103 -106.00549 35.64589
1475 2 60069132 -105.962659 35.642168
1355 1 57077284 -105.962459 35.657983
1800 0 60000469 -105.964954 35.667731
3900 3 40517228 -105.928323 35.648766
2100 2 59175003 -106.013843 35.647562
2300 3 60066667 -105.970254 35.680234
1725 1 59761025 -105.947187 35.670721
2800 3 60013054 -105.992574 35.637027
2500 2 60000982 -105.940479 35.706443
3400 3 59836077 -105.931634 35.652291
3500 2 59972825 -105.933588 35.677546
2300 2 57558093 -105.944644 35.692828
2400 2 59493851 -105.98251 35.664858
3200 3 59136876 -105.950903 35.678052
2850 3 50740448 -105.954355 35.6651
3000 2 58856396 -105.932222 35.687386
1095 0 57698922 -106.00549 35.64589
3200 3 59139959 -105.950903 35.678052
2300 2 59941506 -105.9422 35.6499
1795 1 52164022 -106.016623 35.644082
3700 4 59788128 -106.00449 35.630478
