1093 1 51429726 -106.728785 35.072601
2450 3 58665442 -106.737134 35.112584
850 0 56488408 -106.70161 35.081588
1050 0 58985699 -106.718385 35.07769
1800 3 57984110 -106.700739 35.083207
850 1 56460228 -106.696188 35.080542
2600 4 60295878 -106.742098 35.107689
2400 3 59580877 -106.717947 35.069573
550 1 57390132 -106.728211 35.081116
2000 3 60267800 -106.754637 35.047366
850 0 59337078 -106.737608 35.074524
850 2 56947581 -106.707276 35.082896
1800 2 60251144 -106.731192 35.081588
2150 3 23355744 -106.693573 35.07546
2395 3 47309529 -106.743012 35.103678
2700 4 60185545 -106.744399 35.039865
2200 3 60108254 -106.744355 35.089504
1850 3 55118507 -106.689098 35.029015
2300 4 60064893 -106.721026 35.067961
2300 4 60036042 -106.719486 35.096088
1700 3 60035926 -106.746928 35.064989
1675 3 49978677 -106.747038 35.068103
2100 3 59749840 -106.721729 35.096134
1795 3 59686456 -106.737819 35.025252
2355 5 59592952 -106.716012 35.120444
1895 3 59403620 -106.707016 35.118668
1900 4 59945982 -106.736542 35.029055
2425 3 59877565 -106.753717 35.102205
1400 3 58452591 -106.696267 35.030927
1600 3 59876300 -106.712595 35.105921
889 1 60313921 -106.725237 35.107008
800 0 38715472 -106.6198115 35.0672066
1198 0 31387197 -106.620643 35.061916
1250 1 60243329 -106.635138 35.055055
1650 2 60243327 -106.635138 35.055055
996 2 60028160 -106.623855 35.059814
1700 4 59864303 -106.646487 35.068173
1300 1 58537973 -106.616189 35.073812
895 0 56335023 -106.618312 35.073146
800 0 57141536 -106.631819 35.060389
1200 2 56466569 -106.615061 35.074114
2295 3 60204679 -106.61415 35.071833
1400 2 56744587 -106.614331 35.073931
850 1 59103519 -106.687277 35.039203
1800 3 59269883 -106.618076 35.074093
1400 2 60230774 -106.649965 35.062634
895 0 53471405 -106.614912 35.061035
850 0 52705481 -106.614912 35.061035
775 0 60108471 -106.619871 35.07324
2100 3 60108256 -106.615677 35.069992
1000 1 59970400 -106.623728 35.073278
1700 2 59524178 -106.652688 35.071552
1850 3 56674776 -106.654655 35.071291
1200 2 57786811 -106.615061 35.074114
1200 2 59444304 -106.677508 35.05459
1635 2 56470856 -106.655036 35.08923
1375 0 60168022 -106.655245 35.086359
1250 0 60011783 -106.653007 35.085039
1650 0 59621837 -106.652102 35.085359
1595 1 51449822 -106.664688 35.089311
875 1 56474881 -106.657018 35.083995
900 1 58050260 -106.659583 35.085003
1575 2 59493692 -106.662564 35.081728
695 1 56451442 -106.660904 35.081469
1200 2 59079798 -106.658825 35.112612
1469 2 51481505 -106.655502 35.082225
1100 1 60320990 -106.655477 35.089728
1375 1 57900441 -106.671076 35.094153
2200 2 60012814 -106.660598 35.083955
1275 1 56485257 -106.666701 35.090567
2500 2 59737005 -106.6714 35.1019
2450 3 60224817 -106.674805 35.103995
2550 2 49350773 -106.653899 35.084539
1295 1 57077467 -106.653741 35.075487
1300 2 54896510 -106.652489 35.098209
650 1 56451401 -106.6621 35.081542
740 0 58288016 -106.659385 35.08662
695 0 56451400 -106.662448 35.09167
1100 0 59063594 -106.658214 35.087028
875 1 57077391 -106.655741 35.086401
950 1 56475834 -106.660415 35.084307
1800 3 60262348 -106.652914 35.099748
1400 2 53838547 -106.654128 35.097824
1650 2 58532696 -106.655149 35.088163
2150 2 59546754 -106.651688 35.084861
1675 1 60224816 -106.674805 35.103995
1056 0 50812513 -106.655502 35.082225
1410 1 51572016 -106.655502 35.082225
2000 2 59867991 -106.658399 35.083614
1325 1 60169506 -106.658291 35.091581
2500 2 60162804 -106.658396 35.083682
1675 2 60060468 -106.65019 35.094316
1800 3 59064082 -106.67417 35.105381
800 1 43871928 -106.661297 35.087542
2550 2 59865702 -106.653899 35.084539
1650 0 59785762 -106.652102 35.085359
1085 2 59687131 -106.652362 35.08927
1085 2 59684169 -106.652362 35.08927
2500 4 57397663 -106.665034 35.093985
1500 2 47522422 -106.656574 35.077278
1600 0 60322283 -106.640751 35.079906
1495 1 56685796 -106.619198 35.078979
1525 2 59863931 -106.639265 35.091209
2300 2 57538988 -106.641779 35.084028
1250 2 60074949 -106.619206 35.075349
720 0 57001550 -106.615473 35.075931
900 1 60076779 -106.629902 35.078448
700 0 56457159 -106.624006 35.080804
1150 0 51454438 -106.644982 35.116395
919 0 60087943 -106.646742 35.120407
1375 2 59664340 -106.643523 35.075783
1795 3 59946413 -106.619312 35.078163
595 0 60217772 -106.629771 35.080934
695 0 59946412 -106.619312 35.078163
1670 1 55445287 -106.645827 35.113509
1600 1 56475663 -106.647468 35.084877
775 1 59405443 -106.646714 35.120867
821 1 60176800 -106.641361 35.124123
1500 2 60322221 -106.630586 35.077587
1100 1 60322222 -106.63168 35.076965
1595 3 59401502 -106.626463 35.080015
1595 2 60311506 -106.647766 35.124385
1000 1 56457770 -106.621759 35.074549
850 1 60298216 -106.645182 35.12319
825 0 59066043 -106.628415 35.077951
1980 3 60013974 -106.631292 35.079487
1325 2 56484900 -106.613425 35.10443
950 1 56478563 -106.640878 35.082003
1400 3 59297731 -106.625652 35.079979
650 0 57643715 -106.628126 35.077093
850 1 60151085 -106.614304 35.076448
1800 4 60217235 -106.639845 35.093886
850 1 55434613 -106.617974 35.077163
1195 2 56446177 -106.613623 35.103782
1100 1 57088571 -106.620432 35.080207
1000 0 57075830 -106.621169 35.080369
825 1 56456410 -106.62302 35.080299
1900 2 60273754 -106.633613 35.077951
735 0 56571561 -106.639273 35.084307
1100 2 59863930 -106.641841 35.075479
950 1 59798489 -106.642479 35.122963
725 0 56475833 -106.626638 35.083921
1200 1 57631122 -106.621741 35.077887
1050 1 59671510 -106.620429 35.079931
1850 2 58680832 -106.640255 35.079494
794 0 56450293 -106.626685 35.098494
1625 1 60018119 -106.622321 35.078682
965 1 60114608 -106.643138 35.083015
1450 2 56896174 -106.623519 35.076794
2100 2 60236594 -106.639724 35.091543
965 1 59878755 -106.643138 35.083015
1500 1 51482085 -106.639761 35.084369
935 1 60030009 -106.615542 35.078146
1120 1 60067907 -106.613662 35.078383
695 0 59374929 -106.628944 35.082969
1135 1 58187800 -106.641106 35.080861
860 1 59880727 -106.63213 35.084438
1200 0 60176617 -106.644112 35.084311
720 0 60110842 -106.614321 35.076598
720 0 60092809 -106.614321 35.076598
1700 1 59557591 -106.649443 35.093718
1190 1 60091502 -106.649443 35.093718
1450 1 43020331 -106.624379 35.078202
1299 2 59822031 -106.629543 35.09867
1995 3 60000940 -106.635148 35.11238
725 0 59982044 -106.628258 35.078887
945 1 59982041 -106.613377 35.099688
1200 0 59979342 -106.629576 35.080258
2250 2 59887738 -106.643361 35.084666
1025 1 59878756 -106.64006 35.083577
860 1 59858625 -106.63213 35.084438
1780 2 59455690 -106.616012 35.096333
999 1 59822027 -106.629543 35.09867
925 1 59775861 -106.633554 35.084577
1575 1 58487899 -106.64367 35.084842
965 1 59687128 -106.632064 35.084921
1560 2 58092108 -106.649443 35.093718
1375 2 59664339 -106.643523 35.075783
1395 2 59283117 -106.615542 35.079668
1295 0 58891699 -106.649882 35.095289
1780 2 58503519 -106.643374 35.081758
1495 2 59073630 -106.642556 35.093271
1887 0 31387204 -106.662479 35.22062
1323 0 31387205 -106.65683 35.212222
2195 4 60107098 -106.735008 35.202267
1448 1 56084222 -106.645647 35.206105
1235 1 59610748 -106.697032 35.193713
824 1 60277045 -106.627759 35.139388
1000 2 59526835 -106.631851 35.13971
1995 3 60326170 -106.689459 35.216409
1650 1 55787650 -106.7347 35.1834
1850 1 57916157 -106.665266 35.135403
2275 6 60322686 -106.717651 35.200349
2100 3 60322601 -106.692048 35.214589
1900 3 59033289 -106.681759 35.190259
1215 1 51434157 -106.688372 35.152434
1546 1 51431357 -106.663011 35.211693
2800 4 60316829 -106.731819 35.161979
727 1 60316400 -106.7126 35.1366
1300 1 54286696 -106.686607 35.21043
1995 3 60311516 -106.698615 35.208703
1650 2 60297113 -106.703195 35.130765
2000 3 59689898 -106.711474 35.155028
1850 2 60029352 -106.707805 35.192674
1049 1 59383279 -106.637522 35.139708
2250 4 60292956 -106.704622 35.191109
950 2 60064621 -106.648917 35.137309
1600 2 55871059 -106.662008 35.199201
1545 2 55061914 -106.645647 35.206105
1365 1 52946283 -106.653425 35.201267
1250 1 55432040 -106.663354 35.19334
1650 2 55302340 -106.678721 35.205875
1330 1 33247397 -106.686592 35.154047
2000 2 59998458 -106.73158 35.16233
900 1 56607181 -106.710417 35.153269
675 1 60262479 -106.615241 35.186249
2100 3 60261898 -106.706994 35.134113
2350 3 60253165 -106.664564 35.198496
2850 3 60098691 -106.710068 35.174733
1448 1 55061916 -106.645647 35.206105
1900 2 60075823 -106.694286 35.164145
2195 4 60214082 -106.692785 35.214339
2095 4 60028209 -106.702502 35.137857
1850 4 60089270 -106.739494 35.198705
1571 2 52936865 -106.653425 35.201267
2400 4 59964613 -106.695526 35.138169
1125 1 59808428 -106.637731 35.145861
2019 3 59443005 -106.653425 35.201267
2250 4 60168175 -106.737152 35.196937
1995 3 60160400 -106.683334 35.20344
2100 3 60156547 -106.642982 35.126744
2300 3 59983989 -106.670244 35.205405
2600 4 60131742 -106.734592 35.186928
2500 4 60126101 -106.636628 35.144668
3200 5 60108509 -106.756377 35.196692
2600 3 60102197 -106.70794 35.14162
999 0 59808430 -106.637731 35.145861
2100 3 60081862 -106.670887 35.199811
1895 3 60076753 -106.721885 35.202099
2250 3 60067366 -106.686642 35.186841
1990 3 60059650 -106.668222 35.209664
1000 1 60054384 -106.635554 35.162629
3900 4 60050558 -106.650583 35.222085
2099 4 59337089 -106.693213 35.208422
2700 5 60013256 -106.688884 35.20844
1810 2 52936869 -106.653425 35.201267
1800 2 59520185 -106.642374 35.127783
2200 4 59979368 -106.693004 35.165445
1375 2 59808429 -106.637731 35.145861
2300 3 59312457 -106.728585 35.181142
2095 3 59570455 -106.683242 35.220829
2700 4 59113470 -106.710984 35.191994
1299 1 55302339 -106.678721 35.205875
3000 3 59393191 -106.710143 35.217712
1995 3 59301290 -106.692967 35.212791
8500 5 57786763 -106.675046 35.192367
2650 3 58894003 -106.681483 35.149912
1365 1 51745644 -106.653425 35.201267
695 0 59199167 -106.5682 35.061954
1040 1 55892194 -106.58338 35.062992
2395 4 58384176 -106.589434 35.066504
850 2 60168284 -106.560489 35.067534
999 1 55434617 -106.603216 35.059208
750 2 57212201 -106.569111 35.059555
825 1 57635470 -106.592553 35.058964
750 0 55906498 -106.585025 35.071794
895 2 60176502 -106.561441 35.069124
925 2 59711289 -106.557464 35.073487
800 1 59366747 -106.570014 35.070217
800 1 56446180 -106.581725 35.060608
875 1 55900765 -106.583942 35.062278
950 2 55820032 -106.582342 35.062778
950 1 55434609 -106.572693 35.071601
729 1 56601465 -106.56714 35.072871
1095 2 59844164 -106.607519 35.064462
1180 2 55434119 -106.580539 35.065059
900 2 59941548 -106.607849 35.05991
900 2 59848327 -106.557931 35.071535
1125 2 59405498 -106.583839 35.071309
725 1 56445592 -106.607068 35.063183
1466 2 60108221 -106.557577 35.071524
750 0 57708005 -106.586106 35.060871
850 1 60064908 -106.606853 35.059891
950 1 55474927 -106.58073 35.062686
1700 2 60057898 -106.599682 35.063156
800 0 59984642 -106.575752 35.058688
795 1 56353722 -106.581683 35.062497
1000 2 57390021 -106.569073 35.060534
872 0 55434296 -106.584421 35.065245
850 2 58328620 -106.607057 35.059907
850 2 58137035 -106.608387 35.05871
1005 1 59538340 -106.561111 35.073652
795 1 56449749 -106.580377 35.059644
950 2 53989164 -106.587869 35.059544
850 1 59339044 -106.586719 35.062961
625 0 56934305 -106.576229 35.05991
840 0 55434297 -106.580088 35.06347
975 2 60251834 -106.582342 35.062778
975 2 60251835 -106.582342 35.062778
2050 3 59837602 -106.588977 35.068363
675 1 60236087 -106.581469 35.071146
2250 3 56536883 -106.593126 35.068393
1750 2 59662640 -106.601475 35.063458
878 2 57971554 -106.58506 35.063092
1700 3 58019463 -106.606146 35.064462
995 1 60050305 -106.565683 35.070397
1995 3 59645645 -106.589869 35.05891
1200 2 60119600 -106.555804 35.07177
995 2 60099830 -106.577182 35.057399
1300 2 60099289 -106.5865 35.061721
750 1 60092271 -106.557931 35.071397
875 2 58471561 -106.582758 35.062458
875 2 60001493 -106.60771 35.05948
1155 2 59048927 -106.585678 35.060462
950 1 59025670 -106.585678 35.060462
900 1 59048925 -106.585678 35.060462
2150 2 56723145 -106.595043 35.064854
950 1 59479758 -106.58226 35.064916
1165 2 59878757 -106.587869 35.059544
725 1 59868381 -106.557931 35.071535
860 1 59845296 -106.587683 35.066262
975 2 59033387 -106.582351 35.062573
650 1 57634822 -106.572294 35.071587
645 0 55436567 -106.5682 35.061954
1175 2 59048926 -106.585678 35.060462
753 0 56314961 -106.5779 35.1075
814 1 51171526 -106.593833 35.119812
925 1 52172244 -106.608216 35.122138
875 2 58194876 -106.606022 35.118509
800 0 55439312 -106.602979 35.108205
850 2 57162760 -106.582707 35.110768
889 1 55433935 -106.602984 35.096805
850 2 59452613 -106.538831 35.074202
1300 2 56320778 -106.589434 35.085784
995 2 59116171 -106.549082 35.076979
950 2 60322569 -106.597989 35.077646
724 0 56450291 -106.605483 35.104027
1795 3 60150525 -106.589678 35.123499
750 0 60046967 -106.54877 35.1036
825 0 55628203 -106.600116 35.086028
950 1 58537972 -106.5919 35.084274
750 1 59878352 -106.581807 35.097489
800 1 55432675 -106.562703 35.076509
2550 3 59582416 -106.574948 35.113447
1050 2 60125412 -106.549065 35.078906
800 0 60239412 -106.596485 35.079317
700 0 56466012 -106.57927 35.100533
1950 3 59981230 -106.548396 35.075025
850 1 59211258 -106.549131 35.076479
1600 2 60187949 -106.609295 35.122241
875 1 60108195 -106.547684 35.075833
650 1 56451369 -106.598313 35.075682
1250 2 60106668 -106.549065 35.079563
995 2 58401031 -106.553266 35.08162
879 1 60205027 -106.546718 35.075487
650 0 56663198 -106.602663 35.080307
785 1 56477106 -106.597188 35.077448
825 1 56452708 -106.552172 35.096053
849 1 59876057 -106.561178 35.077146
829 1 56250838 -106.603881 35.099232
745 1 56466511 -106.560603 35.077729
1385 2 59925656 -106.592209 35.089122
925 1 59763343 -106.560293 35.119412
975 1 59559531 -106.549054 35.076794
950 1 59138711 -106.549079 35.078252
850 1 59297865 -106.549481 35.078435
1000 1 59306403 -106.549693 35.079093
950 2 59403460 -106.563778 35.078979
780 0 55433175 -106.560492 35.077057
1025 2 56490678 -106.541535 35.108238
1200 2 59063361 -106.5919 35.084274
950 2 59213203 -106.549079 35.078563
800 2 55799743 -106.553903 35.077321
1350 2 60265388 -106.607624 35.122901
1000 2 60025261 -106.605957 35.121019
996 2 59121742 -106.561248 35.078284
1750 2 59887708 -106.593274 35.082842
2200 3 60060193 -106.555602 35.10254
2100 3 55628202 -106.570098 35.092049
2300 2 60230804 -106.608539 35.08362
1950 2 59369723 -106.594424 35.083359
1900 3 60217775 -106.571176 35.089986
1900 3 60209120 -106.571176 35.089986
870 1 60067906 -106.552666 35.123123
1050 2 59687124 -106.589421 35.080343
1055 1 59756553 -106.591431 35.084339
1050 2 59113594 -106.549065 35.078752
925 2 60125794 -106.588678 35.079746
2200 3 56925401 -106.601322 35.117925
975 2 60097798 -106.541182 35.102381
975 2 60097795 -106.541182 35.102381
975 2 59881986 -106.541182 35.102381
900 2 59881987 -106.541182 35.102381
825 1 60067904 -106.607596 35.119033
1995 4 60039311 -106.545603 35.077093
1000 1 57665730 -106.604875 35.121474
795 1 60011556 -106.58326 35.080028
750 1 59656571 -106.556121 35.081934
825 1 59868828 -106.565624 35.077783
1750 3 59864475 -106.587781 35.110189
935 1 59837500 -106.569178 35.089539
1600 2 56758633 -106.560794 35.099153
2400 3 59369463 -106.611112 35.076452
895 2 59951013 -106.553314 35.079038
1200 1 53094604 -106.611751 35.075188
2400 2 59662639 -106.598162 35.077193
975 2 59881988 -106.541182 35.102381
2300 3 59865703 -106.597411 35.074833
1699 3 59779660 -106.563059 35.074284
835 0 59756552 -106.594643 35.075038
765 0 59681291 -106.594643 35.075038
2250 3 46578012 -106.600222 35.075844
850 2 59031373 -106.557314 35.077479
690 0 52163956 -106.568354 35.092359
650 0 52729809 -106.559236 35.07506
700 1 53170957 -106.555923 35.074254
1100 1 56316038 -106.49104 35.079646
935 2 56451510 -106.507639 35.086802
1895 2 55434648 -106.507854 35.108323
830 1 58917662 -106.498129 35.076861
1995 2 55439517 -106.499605 35.109464
1000 2 59312904 -106.536578 35.115877
2300 3 60324207 -106.525738 35.109983
995 2 53923275 -106.511812 35.100966
995 2 60323243 -106.511812 35.100966
875 1 60076559 -106.510206 35.06843
1199 2 60130480 -106.506678 35.090529
1122 2 58639174 -106.498559 35.079652
775 0 59190768 -106.505684 35.069278
975 2 56741192 -106.531553 35.102405
2000 3 57631294 -106.515762 35.065363
2245 3 60311505 -106.526529 35.125355
995 2 52643512 -106.504501 35.065804
1050 2 60316943 -106.523113 35.07424
2200 3 60028291 -106.527818 35.116408
1375 2 59823630 -106.509696 35.108479
2400 5 60297186 -106.525166 35.060597
1250 2 55434614 -106.524859 35.087268
1500 2 59344120 -106.532609 35.122259
2100 3 60160104 -106.499576 35.116296
1600 2 51466657 -106.499901 35.097112
1895 3 60058283 -106.516489 35.052134
1950 3 59724577 -106.527743 35.105116
1000 1 60141887 -106.522501 35.116925
975 2 60204557 -106.50814 35.07177
2095 4 59925862 -106.495832 35.076268
900 1 55436436 -106.497256 35.071729
950 1 57137797 -106.510298 35.090581
1095 2 59928446 -106.532216 35.123043
875 1 57769206 -106.520099 35.108116
875 1 59538582 -106.531536 35.102287
1045 2 56497665 -106.506838 35.086736
995 2 58319807 -106.522588 35.107638
950 2 59066146 -106.508222 35.065164
1900 3 59833715 -106.520767 35.106764
1850 3 60265196 -106.530545 35.118812
1050 2 59820603 -106.506724 35.066212
975 2 59864305 -106.524871 35.118484
1303 2 53606088 -106.502696 35.096832
2400 3 60250611 -106.494753 35.097459
2475 5 59886667 -106.533861 35.078082
2250 3 60242404 -106.519539 35.109261
1120 1 60240837 -106.506404 35.099578
2300 5 60239281 -106.50281 35.08541
2000 3 60236490 -106.517723 35.057891
2025 3 60108153 -106.498167 35.120658
2250 3 60231915 -106.519539 35.109261
1795 2 41602845 -106.524064 35.077746
1395 2 55073885 -106.516939 35.114628
1349 2 53606089 -106.502696 35.096832
1425 2 60197472 -106.509696 35.108479
835 1 60143856 -106.527985 35.123123
1875 3 58431462 -106.534365 35.095924
1169 1 51466655 -106.499901 35.097112
1600 3 54835087 -106.533686 35.118153
2100 2 60167973 -106.498688 35.060608
2545 4 60131735 -106.520752 35.045259
2300 4 59952127 -106.519431 35.044959
1099 1 53606087 -106.502696 35.096832
1600 3 60097085 -106.518556 35.114561
1595 3 59779682 -106.516706 35.121929
1850 2 58913089 -106.502702 35.108622
2300 4 60067367 -106.513431 35.111679
1900 4 59954774 -106.525834 35.068854
1900 3 59798629 -106.529166 35.112866
1975 3 59385310 -106.525467 35.068793
1900 3 59931907 -106.528998 35.073729
1295 2 58625718 -106.513312 35.101084
2250 3 59785335 -106.531049 35.12019
2250 3 59784652 -106.531049 35.12019
960 1 52164067 -106.507891 35.070587
926 1 52163972 -106.5197 35.1014
620 1 52164037 -106.509787 35.066739
1350 1 54885835 -106.546851 35.14617
1235 1 58496657 -106.568461 35.161678
974 0 57000132 -106.584114 35.151536
1055 1 55892185 -106.581334 35.130351
2500 4 60064944 -106.543249 35.164743
975 1 46387094 -106.575525 35.1304
1401 1 58267213 -106.557603 35.130224
1160 1 57916679 -106.584583 35.135208
1679 1 57918038 -106.574702 35.161459
1708 0 57916576 -106.574569 35.184777
871 0 59958108 -106.597104 35.132997
1429 2 51270558 -106.583826 35.144208
1125 2 60028214 -106.602624 35.131678
2750 2 56478114 -106.6018 35.1864
1340 1 51789342 -106.567846 35.160279
899 1 51244807 -106.5727 35.1531
1795 3 60064872 -106.577406 35.15534
1550 1 60321697 -106.608495 35.156155
907 0 59767465 -106.563024 35.131556
972 0 59931680 -106.594594 35.132592
2650 4 59481844 -106.562218 35.183819
1750 4 60298807 -106.581025 35.137427
2800 3 60053439 -106.543146 35.171032
1500 2 60297150 -106.581811 35.1487
3100 5 59416078 -106.549644 35.182044
2950 4 58986059 -106.571431 35.186174
2100 3 60295861 -106.586999 35.186819
2500 4 59580874 -106.570052 35.183723
1764 1 52171915 -106.576063 35.173279
1373 1 54732623 -106.58412 35.140676
889 0 51450834 -106.578098 35.136276
1700 3 60026453 -106.557757 35.131273
1740 2 51789349 -106.567846 35.160279
2095 3 51789371 -106.550804 35.176752
2100 3 60238144 -106.566362 35.156303
1800 2 60251263 -106.563354 35.158434
2200 4 60249897 -106.543128 35.168693
2000 3 60229731 -106.545965 35.13236
1900 3 22897105 -106.5634 35.16354
1900 3 60071017 -106.5634 35.16354
1242 2 51194480 -106.5727 35.1531
2250 3 59593658 -106.570817 35.134454
2700 4 60074666 -106.558634 35.18066
2185 3 59878752 -106.552841 35.141926
3000 3 57243831 -106.571752 35.176982
2025 3 55582227 -106.539019 35.128963
2695 3 60168394 -106.539471 35.153414
2195 3 57287961 -106.579098 35.14962
1995 3 60141743 -106.546401 35.164293
1130 1 51194479 -106.5727 35.1531
1495 2 60086644 -106.573654 35.160578
2495 3 59779828 -106.568416 35.186928
2250 4 54736500 -106.573283 35.151066
1595 2 51200441 -106.602779 35.131953
1355 2 51202664 -106.5727 35.1531
2400 3 59968627 -106.564126 35.129202
1760 1 51789367 -106.550804 35.176752
1595 2 59981443 -106.573654 35.160578
1650 2 59843913 -106.569656 35.171093
1150 2 59798676 -106.605033 35.133208
3295 5 59686455 -106.570451 35.183199
1995 3 59645647 -106.56514 35.159046
3900 4 59899745 -106.545176 35.180572
1704 2 51789368 -106.550804 35.176752
2550 3 59418924 -106.553266 35.176379
2700 4 59673926 -106.548587 35.136616
1800 3 59595911 -106.596529 35.130492
1225 2 57786774 -106.602238 35.131669
1295 1 51200440 -106.601563 35.13318
1195 1 51745678 -106.567846 35.160279
830 1 52164081 -106.601806 35.130033
1635 2 56377739 -106.49835 35.133454
6500 4 56793037 -106.506105 35.16437
989 0 47053976 -106.532138 35.132871
1500 2 60144262 -106.528218 35.151572
2295 3 60150510 -106.497467 35.176073
1450 1 59939063 -106.525515 35.15161
1455 1 52177109 -106.524479 35.148118
1175 1 52177085 -106.529085 35.147123
1799 2 51678629 -106.526607 35.138556
1299 2 50812523 -106.509514 35.13018
1699 2 32407517 -106.535222 35.136257
1749 2 51789361 -106.499916 35.151483
2299 3 32423038 -106.498753 35.156155
1185 1 50812521 -106.509514 35.13018
1699 2 31216759 -106.498753 35.156155
1498 1 51789360 -106.499916 35.151483
2200 3 60198265 -106.510012 35.143682
1480 2 56403600 -106.525148 35.149955
2400 3 60087117 -106.521218 35.149791
2295 3 60066726 -106.49947 35.128632
2475 3 60050286 -106.512668 35.136142
1049 0 50812520 -106.509514 35.13018
1299 2 50812522 -106.509514 35.13018
1999 3 51789364 -106.499916 35.151483
1850 3 59970401 -106.525867 35.134792
1345 1 56403598 -106.525148 35.149955
1449 1 43752091 -106.498753 35.156155
1849 2 51725234 -106.526607 35.138556
1865 2 56403602 -106.525148 35.149955
1650 2 51891440 -106.495673 35.176629
1599 1 31900561 -106.535222 35.136257
1875 3 59298464 -106.494531 35.178925
1493 1 51745669 -106.499916 35.151483
1050 0 52163961 -106.509514 35.13018
