1975 3 60322373 -90.434359 38.570101
1395 1 57407848 -90.410611 38.566523
2295 3 56919241 -90.408122 38.572116
2199 2 59340835 -90.415833 38.674024
1195 1 53231937 -90.395151 38.600863
2195 3 60323079 -90.455872 38.674635
2350 3 59620329 -90.443501 38.571663
1195 1 59120027 -90.407416 38.587839
3300 4 60304340 -90.418928 38.633497
1500 2 60304338 -90.44109 38.574101
2250 3 50794601 -90.393281 38.582781
2995 3 58475851 -90.434957 38.575987
3750 3 60224426 -90.408816 38.600922
2250 3 58929731 -90.413938 38.572465
9000 5 58156179 -90.410029 38.607867
6500 4 60110161 -90.4023 38.625861
1800 2 59852355 -90.393645 38.593078
3495 3 59690673 -90.407399 38.602578
2500 3 59413205 -90.425918 38.578116
3650 3 59534154 -90.411276 38.664086
1695 2 60055327 -90.40944 38.576246
3500 4 60224595 -90.422494 38.667821
1150 2 56733105 -90.356955 38.605222
1250 2 56629684 -90.356716 38.605264
999 2 51260449 -90.392001 38.574673
975 1 56312498 -90.330275 38.617179
2525 3 60315334 -90.390115 38.574869
1995 2 59414001 -90.318886 38.601839
895 1 60311664 -90.322518 38.616268
1900 3 60311116 -90.366759 38.60136
795 0 57683583 -90.323103 38.613969
895 1 54854170 -90.322469 38.616465
1000 2 59954954 -90.3498 38.5884
875 1 60047669 -90.315798 38.614677
1015 1 56995467 -90.314038 38.615974
999 2 57674957 -90.391676 38.574869
1095 1 58568037 -90.34717 38.610905
905 2 55439473 -90.358041 38.563548
1250 1 59876062 -90.349209 38.581788
1199 2 57211414 -90.314028 38.616106
1725 2 51441676 -90.312914 38.608849
1250 2 60269477 -90.32017 38.601705
1995 2 60266696 -90.329237 38.615272
1099 2 57001029 -90.391826 38.574371
1195 1 56357385 -90.33251 38.602508
699 1 48955807 -90.332691 38.595797
1195 1 58311804 -90.32611 38.60133
3500 3 59055690 -90.361273 38.569559
2400 4 60251958 -90.352988 38.58012
2950 3 60205284 -90.340574 38.596994
1900 3 60198387 -90.31039 38.614136
2200 4 60157230 -90.359168 38.61335
1995 2 59924682 -90.323155 38.587284
1818 1 59788924 -90.351272 38.591697
1865 1 59663018 -90.351272 38.591697
2579 2 59663019 -90.351272 38.591697
1910 1 59663020 -90.351272 38.591697
1700 1 53186939 -90.365089 38.594829
1500 2 60172406 -90.339942 38.615321
4250 4 60159977 -90.347862 38.599989
1450 2 60131748 -90.35639 38.592678
1100 1 55390180 -90.314081 38.618285
2000 2 60119590 -90.330928 38.594885
3850 3 55118921 -90.366019 38.577791
1850 2 60088789 -90.378263 38.57292
1495 2 59672716 -90.313725 38.59911
1200 1 60013354 -90.353637 38.592849
1795 2 60011042 -90.320374 38.601138
1795 2 60005298 -90.320594 38.601216
2195 3 59933570 -90.357439 38.61403
895 1 57226747 -90.316704 38.607452
895 1 57226748 -90.316704 38.607452
895 1 59833212 -90.316704 38.607452
2195 3 59738327 -90.359777 38.603278
1850 2 59643041 -90.354255 38.599341
1495 2 59649946 -90.35814 38.601295
1900 3 58852393 -90.354988 38.59837
1850 3 59029802 -90.356789 38.601421
1850 3 57331022 -90.338292 38.572124
1599 2 58328720 -90.325432 38.563156
1395 2 59809651 -90.333854 38.638888
1595 2 57768787 -90.348674 38.639122
1025 0 29847324 -90.344965 38.634548
1295 1 60191994 -90.345803 38.625415
1452 0 52177918 -90.338416 38.651214
1095 2 57050307 -90.324788 38.668962
1825 3 32273605 -90.324096 38.661354064941406
1500 2 26835660 -90.3556289672852 38.6290928
1350 3 60326477 -90.313962 38.669789
1495 1 56993123 -90.356702 38.665056
1400 3 59807945 -90.31533 38.671935
1250 2 58167261 -90.332008 38.642301
1550 0 54872477 -90.341317 38.648168
3750 4 60304335 -90.368245 38.63201
2500 3 60304330 -90.334364 38.644336
1500 2 60304327 -90.320679 38.63421
1450 2 60295654 -90.350972 38.625985
1530 1 56328226 -90.353769 38.660297
945 1 60167812 -90.325858 38.629767
850 0 45548942 -90.311284 38.634845
1225 3 52094575 -90.3225 38.6644
1299 2 58561524 -90.362994 38.660483
1195 1 58066392 -90.347812 38.639489
1950 3 56447883 -90.325002 38.649544
825 1 50502263 -90.311139 38.620337
1995 3 57705058 -90.327071 38.663008
1995 3 57710235 -90.327071 38.663008
1395 2 59515653 -90.356449 38.66804
1295 2 57214889 -90.310506 38.624985
1295 2 58509727 -90.321518 38.662178
1495 2 59833083 -90.323746 38.658072
1325 3 56931498 -90.336913 38.665962
1325 2 59638434 -90.350514 38.660815
775 1 56464372 -90.322002 38.670233
2695 3 59283254 -90.330975 38.639554
1695 1 60263636 -90.314914 38.635669
1450 2 55808720 -90.334289 38.646159
1345 2 59868759 -90.321028 38.661694
1650 4 60047796 -90.342542 38.675306
1800 3 34323127 -90.33174896240234 38.64008
1500 2 60241289 -90.348498 38.628558
1695 2 60230890 -90.316989 38.622367
1375 3 53125726 -90.319077 38.662934
1300 1 60206992 -90.33616 38.623118
1200 0 60206993 -90.348787 38.639554
1000 0 60206994 -90.372873 38.673691
3200 3 59866108 -90.335175 38.638586
3500 4 59456197 -90.349047 38.64332
1850 3 58569305 -90.349838 38.666415
3995 4 57865064 -90.318842 38.652281
1550 2 49851719 -90.344254 38.65166
1250 2 60068355 -90.354234 38.675351
1450 3 60059671 -90.309933 38.628302
1295 2 59929462 -90.310677 38.625037
1900 2 59889545 -90.348498 38.628643
1375 2 59889544 -90.355852 38.625158
1500 3 60090307 -90.315906 38.670709
1450 2 59515647 -90.348099 38.639092
1750 1 60172407 -90.349524 38.627074
2800 2 60163113 -90.328562 38.674168
1045 1 58452583 -90.314568 38.62922
5200 4 59385906 -90.319081 38.646779
1495 2 60150159 -90.362219 38.662719
1695 2 59785442 -90.326938 38.648106
895 1 55000386 -90.312572 38.630533
2800 2 59343680 -90.328562 38.674168
1200 2 60099330 -90.320843 38.627002
1695 2 58765998 -90.322882 38.633642
1350 1 60047239 -90.35835 38.668492
1695 3 59969105 -90.310868 38.669503
3200 3 59833727 -90.331872 38.642659
3200 3 59833584 -90.331872 38.642659
1699 3 59254411 -90.322018 38.618984
1195 2 46768536 -90.324133 38.635027
1400 2 59928199 -90.3286 38.645
1495 2 59876149 -90.362219 38.662719
1500 3 56447242 -90.325819 38.662262
2700 3 59672929 -90.314725 38.634642
3095 4 58637693 -90.341021 38.641512
1295 2 43865614 -90.3331369 38.640398
1625 2 59925131 -90.3555322 38.6248095
1900 2 48174520 -90.3542633056641 38.6273606
1450 1 57311730 -90.32438479999999 38.6479689
975 2 45949102 -90.325788 38.662603
995 1 54170888 -90.321133 38.634718
1250 1 59661004 -90.315274 38.635692
1300 2 40407726 -90.32432 38.631675
1300 2 41293091 -90.32432 38.631675
1895 2 58154578 -90.310284 38.635178
1450 3 57525646 -90.317677 38.668779
3700 3 55478065 -90.323729 38.652534
1740 0 30981780 -90.447595 38.697048
1573 0 32206057 -90.435348 38.699174
1829 0 30955887 -90.441482 38.696311
1654 0 31587923 -90.449939 38.754377
1633 0 30128560 -90.399304 38.742982
1140 1 60192654 -90.459705 38.698356
3120 4 60315694 -90.41355 38.689428
1000 1 55442572 -90.404389 38.72324
1400 2 60324655 -90.407164 38.679736
825 1 55442611 -90.405587 38.703022
1050 2 47370898 -90.431636 38.720585
2200 4 59767845 -90.456403 38.682459
1000 1 55442575 -90.409322 38.712006
1075 2 56349798 -90.415071 38.75509
2995 4 60253631 -90.454218 38.699405
1900 4 60238046 -90.393718 38.702138
2500 3 56058457 -90.463348 38.704484
1350 2 59663017 -90.475788 38.683773
2000 3 60115068 -90.450693 38.730472
1450 3 59834930 -90.398463 38.775217
1745 3 59982461 -90.407164 38.679736
2700 4 59690677 -90.425462 38.683128
2195 4 59515656 -90.439359 38.731819
1500 1 60171381 -90.408322 38.683321
1800 2 60171367 -90.408322 38.683321
2525 3 60153287 -90.421396 38.731078
1600 1 60153273 -90.408322 38.683321
1550 3 60153271 -90.402408 38.727355
2530 3 60151043 -90.420796 38.731494
900 1 60148776 -90.431557 38.720432
3200 4 58999548 -90.459734 38.690828
2150 3 58968025 -90.420813 38.730689
2250 3 56694706 -90.422251 38.729158
2795 4 59037985 -90.456218 38.699311
1575 3 59938187 -90.393001 38.731008
1995 4 55147152 -90.446559 38.732503
2605 4 54213721 -90.45986 38.692749
1550 4 59199100 -90.40456 38.709533
635 1 58496406 -90.320458 38.720458
1700 4 60102131 -90.322823 38.678554
2000 3 59920826 -90.382458 38.715976
1300 2 59820481 -90.38793 38.722579
775 1 56458231 -90.388534 38.717112
650 1 58890877 -90.373968 38.724221
1485 2 59515650 -90.387366 38.713523
1195 2 60076671 -90.364107 38.6948
1130 1 55919911 -90.340844 38.683395
1200 2 60298499 -90.330188 38.701299
1050 2 60297287 -90.372021 38.728659
1150 3 57434417 -90.31465 38.681842
1095 2 60098654 -90.325469 38.720747
1050 3 60220984 -90.326299 38.721538
1050 2 56319648 -90.346113 38.710961
1025 2 59898758 -90.362883 38.698286
1190 2 59737819 -90.353458 38.720175
1095 2 57610600 -90.339292 38.682395
1595 3 60265482 -90.37759 38.685668
975 2 56445150 -90.339469 38.683277
1195 2 60240242 -90.376148 38.729733
1495 3 60239816 -90.363842 38.720659
1550 3 60238522 -90.330109 38.71093
745 1 60221212 -90.368027 38.714474
1500 3 60075681 -90.335684 38.719442
1400 2 60210198 -90.361873 38.723859
745 1 54386992 -90.368027 38.714474
1495 3 60203873 -90.357372 38.721432
1550 3 60148787 -90.363439 38.711628
925 2 60040871 -90.363692 38.722002
1050 0 59824042 -90.377352 38.72304
1295 2 58991199 -90.326967 38.682184
950 2 60026171 -90.358011 38.720221
1400 3 59739072 -90.322775 38.720659
1350 3 59416927 -90.324103 38.718289
950 2 59950947 -90.360308 38.717808
1095 2 58190280 -90.364962 38.698978
1565 3 59927283 -90.323656 38.717958
1145 3 58934615 -90.321558 38.716523
1150 2 59888279 -90.327701 38.682619
950 2 59877866 -90.357937 38.720175
1050 2 59844529 -90.346838 38.720211
1495 3 59032413 -90.35449 38.723667
1025 2 59795511 -90.353318 38.714398
1245 2 59694713 -90.338364 38.710812
1500 3 49954206 -90.327299 38.68602
850 0 54359163 -90.327488 38.716036
850 1 57042132 -90.327637 38.716204
897 1 60269332 -90.36948 38.770517
1820 1 60249427 -90.390918 38.781013
1795 4 60316709 -90.330303 38.764824
1445 3 60097632 -90.32838 38.784315
875 1 55435695 -90.371587 38.735227
1200 2 57056215 -90.362273 38.733889
825 1 57088756 -90.354572 38.786372
1050 0 59292100 -90.385073 38.73803
1150 3 60325795 -90.315113 38.73603
1800 4 59684297 -90.319906 38.762578
949 2 60320808 -90.373525 38.737849
875 2 55466587 -90.352545 38.787219
1150 3 60297947 -90.319113 38.770809
1300 3 60296278 -90.326313 38.762578
1045 3 55957960 -90.316239 38.765689
1145 3 59011404 -90.318691 38.745608
1275 3 60013659 -90.340743 38.780416
700 1 56329959 -90.350793 38.732048
1000 2 60175660 -90.314647 38.765956
1100 2 60108223 -90.328876 38.7622
1325 3 59366535 -90.321775 38.77172
775 1 55440389 -90.344109 38.785123
745 1 56606704 -90.31865 38.733819
700 1 59864512 -90.3394 38.7402
1200 2 59468307 -90.322185 38.747976
1145 2 60250243 -90.315798 38.765911
1500 3 60230891 -90.32717 38.758249
1095 3 51560374 -90.31545 38.748012
795 1 54938590 -90.34062 38.782073
1150 3 60198104 -90.33331 38.786769
1495 4 59768953 -90.321351 38.783784
1400 3 59482367 -90.316498 38.748462
1250 3 58876369 -90.329979 38.747882
1595 3 60176812 -90.323788 38.769715
1395 2 60171361 -90.323832 38.746335
1245 3 60170747 -90.315886 38.747326
1500 4 60076974 -90.331234 38.751164
1350 3 60141948 -90.327611 38.764659
1700 3 60102185 -90.312725 38.732305
1700 3 60127794 -90.320979 38.746683
1680 3 59542096 -90.328923 38.760824
895 1 60115669 -90.317312 38.736927
1160 3 54862477 -90.330933 38.764104
1000 2 55062256 -90.319171 38.749444
1400 3 59762822 -90.321418 38.748098
1465 3 60039261 -90.327594 38.751844
1590 3 60017778 -90.32452 38.747532
1395 3 59984185 -90.331292 38.756988
1245 3 59669632 -90.326518 38.762588
1650 3 59972668 -90.332123 38.756588
1800 4 59833917 -90.326432 38.787084
1095 2 59646021 -90.322558 38.767135
1100 2 59954272 -90.313765 38.739542
1000 3 59723532 -90.319773 38.750088
1590 3 59950743 -90.324656 38.78706
1300 3 59944793 -90.314742 38.747059
1325 3 59938359 -90.321129 38.759872
1642 3 57888188 -90.310868 38.781134
1597 3 50791062 -90.311171 38.783151
1145 3 59760381 -90.323229 38.747523
1635 3 59886078 -90.320479 38.751358
975 2 59880922 -90.321418 38.746582
1150 2 59877667 -90.335565 38.746312
1865 4 59853588 -90.333809 38.746778
1600 4 59809293 -90.314853 38.76408
1250 2 59786220 -90.329374 38.752377
1400 2 59677597 -90.32938 38.752114
1300 3 59749342 -90.329426 38.748639
1300 2 59741769 -90.318436 38.755611
995 2 59356486 -90.325755 38.751377
1050 2 59082645 -90.318113 38.769873
1095 3 59461510 -90.3312 38.752508
1025 2 55252089 -90.368027 38.768627
1375 3 56196582 -90.324147 38.766483
1450 2 56721547 -90.316612 38.750103
1395 3 60213399 -90.329979 38.77999
1245 3 60069534 -90.313953 38.742082
1100 2 60326965 -90.314442 38.783073
1275 3 59984154 -90.379631 38.740493
1595 1 59582397 -90.296267 38.586315
1195 2 57336809 -90.283406 38.57539
1795 2 58958622 -90.29335 38.571406
950 1 55151849 -90.29762509999999 38.5732016
1315 2 60325765 -90.270988 38.584004
1175 1 58319816 -90.302478 38.588039
1095 1 58610094 -90.29202 38.587999
1900 2 58127872 -90.292378 38.586209
1450 2 60321562 -90.270519 38.581377
1095 2 60311769 -90.283536 38.583826
1200 2 60296249 -90.282536 38.589692
860 1 59920886 -90.294526 38.57427
1300 2 59738455 -90.268964 38.575116
850 1 60066065 -90.284388 38.570429
795 1 56468266 -90.280284 38.581351
895 1 58111233 -90.291709 38.566019
1700 4 59546370 -90.278954 38.573431
850 1 58648622 -90.283442 38.581158
1600 2 60049611 -90.291343 38.589209
825 1 60023087 -90.281242 38.590411
800 1 58062073 -90.269936 38.577429
1295 2 58910348 -90.286623 38.576101
1250 2 59416062 -90.29624 38.571387
795 1 59442580 -90.2952 38.5857
895 2 56468030 -90.289558 38.572252
995 2 57301683 -90.295912 38.562801
1295 2 60253632 -90.287803 38.581284
1025 2 53009280 -90.284262 38.576066
1600 3 60239052 -90.283883 38.588004
1700 2 60167846 -90.286304 38.589142
2300 4 60217215 -90.286898 38.573809
1600 3 60216726 -90.274608 38.573729
1750 2 57340299 -90.285377 38.588604
975 1 59581446 -90.297228 38.573614
1275 0 60059672 -90.284983 38.577344
795 1 59993759 -90.281414 38.590431
825 1 59879131 -90.282786 38.575024
2795 3 59713552 -90.275751 38.568794
795 1 59407053 -90.278595 38.581584
900 1 60144116 -90.273877 38.575636
995 2 60140813 -90.2961378 38.5626237
975 1 53860609 -90.297228 38.573614
1150 1 60119635 -90.293849 38.573729
1795 2 58471890 -90.279729 38.578429
1495 2 59862687 -90.305622 38.580869
2000 3 59864800 -90.290488 38.572778
1795 2 60013574 -90.287498 38.577632
1100 1 59969385 -90.297048 38.582563
825 1 59863508 -90.270519 38.581377
1300 2 59807894 -90.281872 38.590029
895 1 56890978 -90.273364 38.578959
1150 1 59800706 -90.297509 38.571573
1350 1 59425681 -90.27557 38.587563
995 1 59944555 -90.293776 38.586725
1395 2 59868901 -90.305884 38.568788
1750 2 58640557 -90.293149 38.576752
895 1 59683163 -90.280342 38.574182
995 1 59031467 -90.297378 38.571496
795 1 60209264 -90.281414 38.590431
1359 0 58675781 -90.269193 38.615568
1275 2 32766639 -90.2728881835938 38.5947608947754
1175 2 60324653 -90.275608 38.594263
895 0 56473633 -90.271552 38.594626
1799 1 59662089 -90.272805 38.616901
1695 1 60296643 -90.27637 38.61003
650 0 56474003 -90.281126 38.616212
1898 2 60294456 -90.296667 38.600849
1900 3 60294050 -90.284042 38.609779
915 1 49518232 -90.288519 38.602979
1195 1 57088673 -90.29341 38.607624
1200 1 60141209 -90.290651 38.606867
875 1 60034599 -90.276687 38.593573
895 2 60076563 -90.285963 38.59225
695 0 59862929 -90.271813 38.596341
775 1 59524108 -90.27857 38.596594
825 1 59524109 -90.294116 38.612586
1700 2 59809061 -90.291509 38.610984
850 2 60025306 -90.30946 38.594789
1650 2 60239831 -90.278546 38.609178
2225 3 59845654 -90.298274 38.592634
2395 2 58117585 -90.290232 38.608399
1450 2 60036962 -90.282442 38.60393
1875 3 60076961 -90.302175 38.597397
1000 2 60018628 -90.275287 38.592081
1100 2 60023085 -90.276932 38.600238
1095 2 60040868 -90.307149 38.612777
950 1 59834931 -90.271805 38.599324
1475 2 59540423 -90.282847 38.611061
1185 2 59315084 -90.30954 38.594351
750 1 59674558 -90.273687 38.591932
1295 2 60177025 -90.276751 38.591015
2250 4 59775029 -90.283126 38.59694
2250 4 60172408 -90.283126 38.59694
1350 2 60156944 -90.273893 38.593126
2400 4 56978020 -90.288741 38.597764
1275 2 54107092 -90.285074 38.609033
1395 2 60130750 -90.273893 38.593126
750 0 55169529 -90.276111 38.594403
1095 1 60079857 -90.301119 38.594409
1795 3 60076085 -90.278908 38.607005
1695 2 60076086 -90.279101 38.606793
895 2 53670877 -90.2859379 38.5923152
1225 1 59844530 -90.276149 38.617984
825 1 56995859 -90.277324 38.593156
1195 1 57328272 -90.2912 38.6108
1150 2 41484331 -90.276287 38.590771
1195 2 59559821 -90.292446 38.59419
1400 2 59683063 -90.275782 38.607875
850 1 59885961 -90.286721 38.616312
1950 3 59754762 -90.289266 38.611563
1025 1 55193962 -90.277292 38.593299
1750 3 58043358 -90.282922 38.614954
1740 3 59626518 -90.298058 38.613517
1595 2 59483578 -90.305416 38.603643
895 2 46592375 -90.274887 38.592319
1400 2 55356893 -90.278744 38.592915
900 0 58681731 -90.271857 38.598928
1495 2 59517826 -90.298426 38.610456
650 0 58414297 -90.249028 38.574533
650 0 48539399 -90.251041 38.57308
995 2 60159665 -90.2487732 38.5851172
825 1 58861152 -90.257156 38.569642
799 2 60087183 -90.24984 38.587253
850 1 55573065 -90.263397 38.570465
825 1 56948730 -90.256816 38.57013
1050 2 60320911 -90.266562 38.577525
1750 3 59796564 -90.264775 38.581361
599 0 54355168 -90.254817 38.567962
1100 2 60295848 -90.251299 38.563559
725 1 54119585 -90.253966 38.588042
850 1 58447669 -90.250749 38.584873
725 1 57174402 -90.248393 38.586421
850 1 56446404 -90.265604 38.570496
1295 2 59822009 -90.264792 38.569893
775 1 60034617 -90.268324 38.576252
995 2 60088334 -90.261012 38.568618
800 1 58233432 -90.264983 38.584088
900 3 60266697 -90.264397 38.587692
750 1 58002632 -90.249382 38.586004
850 1 58124390 -90.253771 38.564318
805 1 56319651 -90.261258 38.589559
1050 2 60256665 -90.258858 38.569178
549 0 50667951 -90.262805 38.584768
825 2 60111876 -90.264741 38.585583
850 1 60224975 -90.250749 38.584873
825 1 60204953 -90.252952 38.587421
855 1 60198330 -90.255672 38.588198
1200 2 60143280 -90.258502 38.577361
750 1 60143278 -90.263397 38.570465
725 1 60023086 -90.257628 38.569915
850 1 60040872 -90.265604 38.570496
900 2 59845655 -90.25099 38.584925
1295 2 59970814 -90.25939 38.566583
1600 3 59648249 -90.259307 38.574344
750 1 59220416 -90.249382 38.586004
1295 2 50865971 -90.259037 38.568831
1050 2 60159683 -90.262739 38.580663
600 1 32523584 -90.25230799999997 38.588451
1050 2 53238614 -90.248183 38.570052
750 1 59271531 -90.249795 38.568097
1595 3 60069624 -90.263159 38.581826
995 2 60055240 -90.264129 38.590378
775 1 53186889 -90.26827 38.576283
1250 3 60028536 -90.247638 38.575152
649 1 55009165 -90.250454 38.586957
795 2 55774438 -90.254981 38.568807
775 1 59991800 -90.249538 38.573817
725 1 44943784 -90.256785 38.569475
995 2 59298762 -90.253444 38.584004
750 1 59863510 -90.25128 38.58518
1300 2 59954685 -90.263848 38.580258
670 1 56787425 -90.247928 38.565241
1150 0 57500574 -90.254902 38.568548
895 1 49973651 -90.254902 38.568548
650 0 58414008 -90.248956 38.574538
1295 2 60149303 -90.259877 38.565304
599 1 59820473 -90.235392 38.571853
599 1 59820428 -90.23541 38.57174
599 1 59820269 -90.235392 38.571853
675 1 60011538 -90.243642 38.565859
795 1 60159661 -90.2311199 38.5841311
795 1 55177791 -90.23636259999999 38.5734395
625 1 60202777 -90.242687 38.573482
755 0 60325770 -90.239769 38.572853
995 2 57622352 -90.229779 38.589901
950 2 58448414 -90.241059 38.586636
799 1 53689043 -90.242642 38.569475
799 1 56936552 -90.245976 38.588781
755 1 60322801 -90.239769 38.572853
625 1 60321008 -90.239456 38.586419
895 2 59594602 -90.244175 38.570002
795 2 53871077 -90.240642 38.586284
899 2 60311610 -90.246809 38.577987
825 1 59540424 -90.239004 38.590467
800 1 57004420 -90.234028 38.578897
830 2 58602482 -90.247582 38.58338
675 1 56463084 -90.234131 38.58726
1200 3 59837488 -90.24046 38.588039
800 1 59685061 -90.242835 38.57227
1095 2 60013667 -90.2436 38.571883
875 2 60167815 -90.230909 38.585396
695 1 60239559 -90.245923 38.564698
1195 3 58564506 -90.246498 38.566879
1200 2 60141208 -90.243282 38.570431
825 2 59136199 -90.236784 38.568134
875 1 60203052 -90.245446 38.573465
750 1 56461269 -90.243868 38.570849
850 2 55720446 -90.244537 38.569419
750 1 57426469 -90.237013 38.570087
800 1 60256321 -90.232784 38.587663
995 3 58971007 -90.245139 38.584014
1250 1 57073318 -90.245938 38.585053
1150 3 53253564 -90.233189 38.577538
1595 3 59637288 -90.234042 38.584469
900 0 58199489 -90.238673 38.590032
1200 0 59838078 -90.24046 38.588039
1100 2 58574288 -90.229203 38.584807
1300 3 58542289 -90.229052 38.584781
775 2 60177030 -90.238791 38.586742
1199 3 60166621 -90.236092 38.588869
1225 2 50343757 -90.242761 38.579626
715 1 55632511 -90.242059 38.578429
845 2 60123566 -90.246809 38.58238
1691 3 58275118 -90.232042 38.585441
950 2 57066538 -90.24046 38.581678
899 0 59813807 -90.240855 38.588421
899 1 59813808 -90.238131 38.581469
995 2 59989106 -90.236569 38.586583
800 1 59969516 -90.239845 38.58795
1499 3 57058350 -90.232878 38.589977
850 1 55820316 -90.247559 38.565712
900 1 59136990 -90.243655 38.573087
1050 2 59136986 -90.243655 38.573087
1050 2 59136987 -90.243655 38.573087
1250 2 59190739 -90.235209 38.589984
1300 3 58721312 -90.229385 38.584826
650 1 56474004 -90.252645 38.618648
1250 2 59537178 -90.249642 38.590915
1620 2 60324654 -90.252111 38.616623
690 1 57372261 -90.262681 38.596232
875 0 46424504 -90.257137 38.6107
1450 2 58276731 -90.251255 38.617012
1800 2 60322605 -90.262892 38.601116
1285 2 59756121 -90.250572 38.611206
600 1 57937082 -90.265775 38.59117
925 1 60297051 -90.247843 38.608602
700 0 57534979 -90.256566 38.595226
1425 2 56457292 -90.252098 38.61709
875 1 54186008 -90.265792 38.613076
2250 3 59690679 -90.25139 38.603414
1295 2 59750565 -90.249598 38.611112
895 1 56757419 -90.256833 38.601875
1295 2 57801006 -90.248235 38.616751
825 1 60040870 -90.252681 38.59217
1000 1 59780844 -90.253334 38.594877
850 1 59171806 -90.264297 38.613728
1295 2 60092606 -90.254329 38.593626
2600 3 60070493 -90.252383 38.612212
795 1 60069446 -90.262789 38.595859
2495 3 60064931 -90.263127 38.603483
1100 1 60047976 -90.262635 38.592562
2650 3 60028167 -90.248379 38.611908
900 1 54724586 -90.26333 38.612771
1600 2 59672715 -90.260883 38.59105
1700 2 59809459 -90.253299 38.614442
995 2 59833576 -90.253558 38.592288
995 2 59349076 -90.253558 38.592288
1195 1 57176148 -90.231594 38.616179
995 2 49968500 -90.233897 38.594067
1000 2 58662815 -90.244147 38.616331
815 1 59416767 -90.238966 38.591081
999 1 59686753 -90.241265 38.614974
850 1 56745606 -90.234176 38.60516
945 2 60176511 -90.234161 38.592288
1250 1 60322145 -90.241309 38.596877
1675 3 51289843 -90.24600219726562 38.5991889
795 1 60321007 -90.227466 38.607116
850 1 51011176 -90.23253 38.593967
1095 2 53698819 -90.238189 38.597367
1325 2 59417436 -90.228557 38.608438
850 1 60297956 -90.238275 38.600616
795 1 60296539 -90.24728 38.595016
1395 2 57587115 -90.234511 38.600858
900 1 60292738 -90.230949 38.602961
1300 3 60130848 -90.229737 38.6051
699 1 55048211 -90.23341 38.601122
995 1 57892368 -90.2282 38.5933
1395 2 60204627 -90.228448 38.600341
649 1 58624093 -90.232364 38.603699
805 0 56473155 -90.242663 38.591445
999 2 56514224 -90.244804 38.618196
1100 2 60162934 -90.236757 38.594004
1250 2 59928195 -90.238986 38.600748
725 1 59136312 -90.232548 38.605806
750 1 55473436 -90.23973 38.599974
1100 2 56458657 -90.234983 38.612751
795 1 59428831 -90.237176 38.598199
1749 3 58368403 -90.240923 38.614939
750 1 58181326 -90.238492 38.612984
765 0 57088778 -90.2282 38.5933
1550 2 60250225 -90.23108 38.592833
1350 3 56885704 -90.229261 38.599081
750 1 59766366 -90.228328 38.602358
1295 2 59785443 -90.232075 38.596801
850 2 52093401 -90.233389 38.590801
900 1 60204191 -90.233452 38.612678
1400 3 60187704 -90.232769 38.604399
1450 3 60153128 -90.246476 38.611653
1225 1 59039250 -90.246642 38.611689
750 1 60150342 -90.242023 38.590801
1400 2 59669609 -90.22854 38.604964
1950 2 59414531 -90.239897 38.604483
875 1 60077231 -90.232124 38.591043
1250 1 59968530 -90.234986 38.596863
895 1 58532390 -90.227337 38.59325
1000 2 60025631 -90.246613 38.593697
895 1 58400581 -90.23844 38.607813
675 0 49968497 -90.23247 38.594411
1250 2 59969103 -90.23621 38.59758
900 1 59672928 -90.233853 38.612995
895 2 59941297 -90.230028 38.602918
1075 1 59925309 -90.242299 38.6182
1950 3 59677651 -90.236245 38.593562
825 1 57572645 -90.23041 38.593529
1299 3 49754223 -90.228038 38.605022
595 0 50554746 -90.232161 38.595258
1600 3 59730063 -90.229888 38.598863
750 1 59011633 -90.238839 38.613225
1199 2 59538929 -90.243354 38.618689
1195 2 59295270 -90.227359 38.593288
1195 2 50749865 -90.231692 38.598764
800 1 48062939 -90.233092 38.595602
1250 2 57221728 -90.240486 38.618124
1025 1 54297164 -90.232172 38.59521
750 1 55997057 -90.233771 38.591424
1350 0 58520962 -90.231508 38.593833
1350 1 58085271 -90.229159 38.597626
795 1 57487992 -90.232251 38.592932
1311 1 58933779 -90.240179 38.610411
950 1 57683584 -90.234224 38.604496
1103 1 49300004 -90.273078 38.651128
2395 3 56864939 -90.305819 38.658613
2395 3 56925665 -90.307522 38.658799
1895 2 56984593 -90.303622 38.657018
1495 2 58635178 -90.295064 38.650096
1750 1 58147988 -90.27441 38.646845
500 0 51435930 -90.282558 38.654066
755 0 47954567 -90.274409 38.646844
1050 1 59820261 -90.284435 38.651139
1125 1 12875970 -90.283707 38.650704
2295 3 56864938 -90.307553 38.658622
1250 2 59118981 -90.284339 38.625488
1299 1 56233396 -90.295149 38.662556
995 1 56445997 -90.279324 38.653139
899 1 50368276 -90.289019 38.653672
1195 1 52142651 -90.308325 38.625442
1399 2 56507862 -90.302061 38.660524
975 2 56895699 -90.305582 38.671194
1725 2 60311829 -90.303446 38.627132
1800 4 55196747 -90.305205 38.626885
2595 3 60311325 -90.28942 38.652528
1575 2 60310478 -90.289863 38.648714
1495 2 59531667 -90.295064 38.650096
995 2 58989369 -90.302538 38.670396
649 0 54355170 -90.281853 38.65633
1550 3 54223408 -90.290448 38.661678
850 1 55290214 -90.30894 38.626946
1695 3 55238779 -90.3038189 38.6569943
1250 2 60293681 -90.29367 38.661118
995 2 60167813 -90.30723 38.66783
800 2 59100262 -90.274387 38.658096
1350 2 56851635 -90.288225 38.648562
1575 3 52697831 -90.301294 38.657944
950 1 51529763 -90.298607 38.629518
695 1 58648096 -90.287509 38.658637
1000 2 59886539 -90.307603 38.670331
2395 3 59831223 -90.30519 38.636148
1250 1 56983267 -90.297526 38.63021
1600 3 59928196 -90.308022 38.658172
1495 2 59928465 -90.294605 38.621728
2500 3 56069622 -90.293499 38.628294
1095 1 56481201 -90.288786 38.622929
1200 2 55709837 -90.286442 38.659307
1100 2 60265611 -90.286442 38.659307
1325 3 52846411 -90.300721 38.659489
1525 2 59158930 -90.28136 38.64885
950 1 38989460 -90.26899800000001 38.6482718
995 2 56033265 -90.269332 38.663869
1400 2 59939945 -90.299837 38.659872
1500 3 59953542 -90.307153 38.628394
2699 3 59803402 -90.290805 38.651546
1600 3 59751835 -90.282936 38.649723
3450 3 60153312 -90.287304 38.648835
1800 3 60097691 -90.305819 38.628283
1250 2 60088904 -90.286353 38.659272
800 1 60087592 -90.304038 38.630116
2850 3 59649564 -90.294724 38.652458
1150 3 58818208 -90.275731 38.658769
750 1 51268585 -90.286202 38.658377
2550 3 48122433 -90.29517109999999 38.6515765
1150 2 60026168 -90.302933 38.667759
2550 4 59979586 -90.2950449 38.6525111
2550 3 59979577 -90.2950449 38.6525111
1050 1 59547904 -90.284435 38.651139
1330 2 59065255 -90.282239 38.653212
2650 3 40188112 -90.2952455 38.6520476
1525 3 59532136 -90.302676 38.663789
2800 3 59821178 -90.301422 38.620258
1275 2 59809060 -90.276252 38.64812
1100 2 59761653 -90.293997 38.663763
1695 2 59683059 -90.30719 38.637548
1495 2 59095535 -90.30519 38.636148
1495 2 59095532 -90.305253 38.636317
2195 2 57682438 -90.307181 38.637718
2550 5 54804019 -90.292329 38.655613
1209 2 56473221 -90.301972 38.670721
1050 1 59820421 -90.284435 38.651139
2795 2 60114026 -90.246868 38.637548
1595 2 57064632 -90.250022 38.640468
945 0 57299210 -90.232986 38.620126
2695 4 59821850 -90.240282 38.635056
1995 2 59951089 -90.263434 38.63033
2510 3 60249614 -90.249235 38.628027
2080 4 60256098 -90.246779 38.636902
3280 4 60252614 -90.251659 38.629232
1800 4 60249546 -90.251659 38.629232
2740 4 60252613 -90.251659 38.629232
1195 0 12875831 -90.264528 38.641908
1175 0 12875951 -90.265027 38.640539
1295 2 12875992 -90.241261 38.638935
1775 2 21583162 -90.245938 38.638875
2425 1 39668120 -90.264635 38.642766
1595 1 22719367 -90.261815 38.644544
1295 2 53264932 -90.253869 38.628759
1150 1 57004456 -90.2533 38.6439
1475 2 56673953 -90.243993 38.636992
1650 3 56458071 -90.266045 38.648659
1595 2 57522505 -90.260258 38.629728
975 1 15079334 -90.2668939 38.648834
920 1 25764265 -90.2658352 38.6488094
1212 1 48349985 -90.256021 38.622838
850 2 59809591 -90.25228 38.618995
1575 1 44788775 -90.260741 38.643443
1550 0 57620188 -90.2436 38.637522
2650 3 58640556 -90.257653 38.625685
615 1 60322805 -90.230776 38.668296
1499 1 59188935 -90.243706 38.621196
875 1 55524714 -90.252104 38.620847
899 2 55436619 -90.242215 38.661397
1075 1 59079266 -90.2637 38.6242
1225 2 59979821 -90.25424 38.620118
1150 1 54659822 -90.246179 38.639633
795 0 56723309 -90.236319 38.639056
745 0 56619008 -90.261643 38.649098
1495 1 54060458 -90.263806 38.629679
1400 2 60151301 -90.243855 38.637586
1525 2 60107695 -90.253329 38.647112
1600 2 60215889 -90.255726 38.648112
925 0 59671871 -90.253845 38.644779
1295 2 58752551 -90.259528 38.626034
400 0 57892367 -90.257528 38.650232
965 0 56586538 -90.240003 38.639548
659 0 55436615 -90.260163 38.664178
975 0 59671869 -90.250225 38.639657
899 1 60089641 -90.243717 38.621013
795 1 59368948 -90.256098 38.624999
1395 2 57067173 -90.259383 38.626381
1250 1 58654379 -90.252173 38.6432
1125 3 53085812 -90.255993 38.655769
920 1 15079397 -90.26560800000001 38.6487
1600 2 59441541 -90.256773 38.646533
575 1 51893053 -90.266193 38.672684
1850 2 60082653 -90.245003 38.642878
1650 2 59105598 -90.259588 38.642336
1962 2 57811341 -90.235193 38.638265
1795 3 60150867 -90.261835 38.628582
1795 2 60150868 -90.261835 38.628582
1795 2 60150792 -90.261835 38.628582
1795 3 60150786 -90.261835 38.628582
1410 3 60116422 -90.260727 38.657102
649 3 59245546 -90.243899 38.669889
1395 3 54863788 -90.265618 38.66098
1250 2 59979831 -90.25424 38.620118
1995 2 59972420 -90.263434 38.63033
2395 3 59226160 -90.260146 38.629702
1600 1 59079320 -90.258111 38.642739
1500 3 59685488 -90.253816 38.628311
1500 3 59685337 -90.253816 38.628311
1785 4 59580177 -90.260681 38.62434
1495 2 56860202 -90.262835 38.628311
1495 3 59160370 -90.247763 38.669843
1850 1 53216958 -90.232746 38.626855
2595 3 58890474 -90.231131 38.619012
1295 1 54358932 -90.254169 38.626685
1295 2 53988114 -90.263983 38.625294
1495 2 59285820 -90.2617 38.626999
995 1 60107175 -90.217933 38.601754
1200 2 30667884 -90.22049090000002 38.6104711
1595 3 60176521 -90.20782 38.602927
1395 2 53452115 -90.205072 38.605456
2795 3 60317480 -90.206364 38.606616
1457 0 58562295 -90.211445 38.61603
2750 4 52398475 -90.223204 38.60372
1200 2 60304336 -90.208722 38.602624
1300 1 58037055 -90.2148 38.6126
1325 2 57962198 -90.216243 38.613606
1195 2 55191227 -90.22527 38.610871
850 1 59795807 -90.20233 38.613614
2140 3 51248902 -90.22609 38.605643
1000 1 58449259 -90.207239 38.612228
1595 2 60292673 -90.204394 38.612912
1050 1 57352664 -90.220329 38.616623
945 2 60096997 -90.221569 38.593829
1250 1 58119175 -90.206433 38.607138
995 1 59136843 -90.205908 38.608552
1050 1 60195214 -90.220558 38.59137
800 1 59686238 -90.225863 38.601508
1635 2 56475374 -90.22047 38.614713
925 1 59404764 -90.218023 38.6021
1625 2 60265097 -90.209546 38.603399
1200 2 56461896 -90.204698 38.610044
1600 3 60256322 -90.226502 38.582172
1500 3 60205737 -90.164188 38.569278
1300 3 60204447 -90.159602 38.562745
1195 1 60197370 -90.204763 38.608597
2550 3 60058907 -90.219654 38.618439
1400 2 59730693 -90.208384 38.613781
999 2 59245618 -90.217138 38.605979
1400 2 50684069 -90.208384 38.613781
795 1 59738328 -90.223579 38.584014
795 1 59738152 -90.223579 38.584014
1525 3 60070424 -90.189698 38.564371
1250 3 60162737 -90.18546 38.56628
750 2 60127894 -90.169246 38.563024
2295 3 60125198 -90.208166 38.604208
1200 3 60101429 -90.1654 38.5649
1750 3 60099288 -90.221102 38.598891
1250 3 60088771 -90.188295 38.5654
1650 3 58203455 -90.22374 38.612084
1095 1 60013565 -90.202919 38.61235
1500 3 59385158 -90.195786 38.568801
1500 2 59928380 -90.211721 38.605303
1350 3 59594338 -90.194648 38.563354
1300 3 59270894 -90.159034 38.563045
1650 0 58752140 -90.220644 38.592959
1325 2 59420287 -90.215339 38.609563
599 1 59688800 -90.226465 38.586193
2400 3 59809067 -90.226186 38.59725
995 1 59808974 -90.222424 38.607704
950 1 54274708 -90.201943 38.609543
1400 2 54243159 -90.201943 38.609543
1075 2 59697771 -90.226043 38.58918
1565 3 58693715 -90.173435 38.563788
1200 1 58541015 -90.20776 38.604435
1050 1 56999468 -90.204485 38.608762
855 0 41419176 -90.1869231 38.6290424
1100 1 57018144 -90.213423 38.635346
1099 0 57923726 -90.197905 38.623623
1649 0 57346226 -90.197905 38.623623
1665 1 58033752 -90.194467 38.630989
1740 0 60050119 -90.190951 38.622969
1595 2 18474038 -90.197888 38.627273
1205 2 39057798 -90.20063879999998 38.62980900000001
680 1 56862877 -90.218056 38.661556
1075 1 57303284 -90.194467 38.630989
1225 1 57388085 -90.195632 38.631234
1250 2 59879130 -90.201952 38.633122
1600 2 34139570 -90.20863299999996 38.619939
2395 1 59663997 -90.184536 38.631248
2499 2 59514068 -90.198786 38.632027
1100 1 56445144 -90.209418 38.633551
1495 1 60304339 -90.194115 38.629429
1175 2 56814775 -90.197888 38.627273
1000 1 60292688 -90.204384 38.630731
719 0 52970175 -90.186928 38.627741
1245 1 58815308 -90.203154 38.633357
850 2 58184417 -90.209291 38.671188
1450 1 56450297 -90.207985 38.634157
1350 1 56445143 -90.208546 38.634675
930 0 56445147 -90.197467 38.633192
1200 2 59750155 -90.203063 38.64889
1150 2 59131451 -90.217496 38.620011
1800 2 60241290 -90.204384 38.623202
1950 2 59560307 -90.220448 38.618947
1500 1 59584438 -90.203981 38.633328
1295 2 60040869 -90.195623 38.631493
1495 2 59866103 -90.208748 38.620121
1200 1 59824043 -90.203821 38.632371
1325 2 59786606 -90.224907 38.634949
1275 1 59824039 -90.224907 38.634949
1300 1 59784778 -90.201494 38.631793
2000 2 59674560 -90.204384 38.623202
1250 1 59561439 -90.201955 38.632774
895 1 59515651 -90.201955 38.632774
1250 1 59530239 -90.196223 38.63174
1600 1 59561433 -90.194415 38.630453
1000 1 59462622 -90.196317 38.631628
995 2 59462623 -90.204384 38.630731
1350 1 59005502 -90.19445 38.631548
1950 2 59013697 -90.202471 38.633284
800 0 57811367 -90.204384 38.630731
1350 2 60125158 -90.201955 38.632774
1100 2 60116244 -90.147044 38.621126
1195 2 59361344 -90.19503 38.631886
1145 3 59365969 -90.22548 38.674779
1425 2 58610080 -90.197404 38.632761
950 1 59570106 -90.204384 38.630731
1200 1 58669999 -90.224907 38.634949
1250 1 58687890 -90.188748 38.628229
1200 3 59888097 -90.27349 38.703879
1350 3 59820338 -90.2983 38.7065
1245 3 60066764 -90.281558 38.698609
1200 3 59820518 -90.295185 38.726002
1425 3 54707556 -90.276954 38.720281
995 3 58842954 -90.271993 38.700314
1395 4 54724285 -90.281284 38.695205
1050 2 60298966 -90.285139 38.692126
1095 2 60297723 -90.273169 38.709182
1550 3 60295218 -90.296097 38.725864
1000 2 58017440 -90.275136 38.708153
1550 3 60294755 -90.305478 38.684899
1045 3 59749819 -90.282992 38.684925
1050 2 59369745 -90.290563 38.693791
1050 3 56324010 -90.290853 38.684699
725 1 50128086 -90.297499 38.730148
1045 2 59820837 -90.270211 38.725785
1000 2 59956037 -90.270424 38.701203
1140 3 59954957 -90.276963 38.700884
1095 3 59524233 -90.292943 38.723464
850 1 57161105 -90.283466 38.714771
392 3 59888592 -90.289859 38.685184
1095 2 60026172 -90.275993 38.721761
1250 3 59797972 -90.270136 38.707335
1250 2 57557999 -90.288498 38.694609
1250 2 60075647 -90.289458 38.696915
1100 2 60214030 -90.272751 38.726279
1150 2 59895387 -90.276857 38.680386
1300 3 59448364 -90.29202 38.695056
1350 3 59929465 -90.308933 38.724118
1350 2 59951343 -90.281238 38.678709
1100 2 60160183 -90.290849 38.729667
1045 2 59997812 -90.294548 38.714172
1200 2 60130815 -90.278149 38.700241
1050 3 60130826 -90.297488 38.684234
1200 3 60108540 -90.30419 38.688234
1095 2 60092176 -90.275893 38.692032
949 2 60091498 -90.274744 38.703563
949 2 58898802 -90.273519 38.703153
1100 2 60016893 -90.291973 38.696573
1500 3 59983962 -90.28448 38.705767
995 2 59479673 -90.27869 38.700439
1050 3 59636779 -90.278538 38.677482
1600 4 59890426 -90.273765 38.719417
1190 2 59413830 -90.273652 38.711553
795 2 59863511 -90.291592 38.679949
1395 3 59836292 -90.270324 38.711036
1300 2 59836265 -90.279197 38.700335
1150 2 59762605 -90.274279 38.723026
1150 2 59567764 -90.274324 38.709822
1400 3 49023558 -90.300614 38.727133
1210 2 49350424 -90.275926 38.719486
1100 1 59120127 -90.292232 38.689743
900 2 59120126 -90.271687 38.708543
1245 3 60080014 -90.293032 38.717373
1150 3 60108473 -90.265345 38.726133
595 1 59820339 -90.250418 38.704818
550 1 52225799 -90.235092 38.716533
1100 2 58967544 -90.258225 38.71378
595 1 58648249 -90.247843 38.704478
1145 2 59542093 -90.255189 38.729482
1045 2 59664228 -90.245761 38.720966
1330 3 60323660 -90.24007 38.714757
1100 2 60321751 -90.256528 38.676629
1500 4 59684321 -90.263146 38.703753
595 1 60311681 -90.247512 38.704108
595 1 60311682 -90.247736 38.704352
1000 2 59695002 -90.267859 38.718854
850 2 59910301 -90.245047 38.699632
650 1 56213871 -90.232784 38.716342
1195 2 60292674 -90.263775 38.725375
995 2 59102424 -90.229875 38.722513
1295 3 60240023 -90.252444 38.695597
950 2 46993381 -90.242691 38.716651
1209 2 59125495 -90.255902 38.675811
595 1 58304014 -90.247843 38.704478
1200 2 60024128 -90.26827 38.67882
1350 2 60243697 -90.236548 38.677168
1250 2 60238329 -90.237922 38.728256
1550 3 60217180 -90.255314 38.708864
1549 4 59686160 -90.243747 38.688058
1295 2 60198035 -90.232757 38.721221
1300 3 60152891 -90.258799 38.706749
1249 3 60152780 -90.24429 38.719079
1445 3 58671575 -90.265848 38.72992
695 1 58296323 -90.250653 38.700587
1600 3 60136776 -90.262245 38.716612
1100 3 50613393 -90.230865 38.719677
1050 2 59864980 -90.251707 38.725482
1375 2 60097157 -90.264062 38.717506
1700 3 60081292 -90.26438 38.716221
625 2 58972425 -90.26123 38.70961
1300 2 60075081 -90.257893 38.717154
1300 3 59997897 -90.261789 38.708879
995 2 59853772 -90.267039 38.718429
1000 2 59887962 -90.261101 38.70806
595 1 59317173 -90.250418 38.704818
1275 3 59685227 -90.256199 38.71278
1145 3 58516974 -90.235954 38.687128
1100 2 59542144 -90.262942 38.707276
1050 2 59888277 -90.229875 38.722267
825 2 59877848 -90.256272 38.730165
1695 3 59834010 -90.243976 38.718453
695 1 58136478 -90.250653 38.700587
850 2 58370496 -90.25924 38.711506
799 1 57717446 -90.227602 38.718677
990 2 59618965 -90.232648 38.721667
850 1 58563944 -90.232176 38.682296
850 1 58563945 -90.231505 38.682583
650 1 56091454 -90.23307 38.716258
1200 2 60026326 -90.235334 38.726458
594 1 58496446 -90.280099 38.735649
1395 3 53882584 -90.305852 38.786303
1100 2 60292208 -90.270183 38.751725
1920 4 60017172 -90.289772 38.781936
1160 3 59284506 -90.290381 38.749727
1050 2 59820471 -90.267681 38.732201
1550 3 59820401 -90.228159 38.752474
1500 3 59801900 -90.307422 38.781347
1510 3 55259966 -90.257344 38.777982
1585 3 51162456 -90.299396 38.778454
850 2 56814760 -90.2704576 38.73798230000001
950 2 56814700 -90.27336269999999 38.7371562
1150 3 59774005 -90.247179 38.762897
750 1 56814782 -90.2738476 38.7382938
650 1 59978729 -90.264918 38.749679
1100 2 59125715 -90.229337 38.760306
1100 3 49027128 -90.248108 38.75074
1300 3 58829715 -90.22954 38.744379
1150 2 58693575 -90.262727 38.751164
1195 3 60325794 -90.300061 38.738486
1195 3 60325793 -90.299378 38.734165
1696 4 60323083 -90.294667 38.769181
1365 3 60322800 -90.30866 38.737016
1425 2 56446805 -90.23376 38.783192
900 2 56450312 -90.269716 38.739569
1550 3 60011758 -90.229596 38.751537
1550 3 59808744 -90.245691 38.7622
975 2 59968421 -90.247912 38.756588
1000 2 59369743 -90.29747 38.732992
1350 3 60293224 -90.26644 38.745931
950 1 48920069 -90.26338 38.78253
1100 3 59969860 -90.273963 38.746113
725 1 56455072 -90.274568 38.739165
1510 3 52051200 -90.290163 38.783742
1175 3 59797973 -90.26338 38.74902
1295 3 60265589 -90.246781 38.758369
1125 3 60013669 -90.262973 38.757389
1780 3 60243201 -90.265562 38.785942
1175 3 59358627 -90.274446 38.746259
1600 3 60238047 -90.264983 38.737992
1650 3 59135121 -90.300452 38.77719
1100 2 60214657 -90.26 38.7411
1640 4 59639542 -90.263697 38.746532
1400 3 60143275 -90.263373 38.754452
1400 3 60074037 -90.229976 38.754474
1150 2 59234695 -90.274197 38.747614
1195 3 60176834 -90.274197 38.747438
1400 3 60149869 -90.291343 38.7398
1200 2 60149866 -90.275873 38.745012
1245 3 53436086 -90.234746 38.75621
1250 3 60141206 -90.230237 38.759641
1200 2 60140955 -90.298953 38.732986
1670 3 60130175 -90.284634 38.756389
1500 3 60119598 -90.294912 38.773959
1495 3 54179647 -90.301749 38.787036
1600 3 60091466 -90.297968 38.736078
1320 3 60086617 -90.268936 38.754377
1150 3 59368340 -90.268964 38.780659
1900 3 60079851 -90.288195 38.787404
1595 3 60074785 -90.289406 38.740946
1100 3 60036438 -90.245781 38.758237
1200 3 59832113 -90.274136 38.7471
1500 3 57019824 -90.290499 38.757598
1475 4 58652376 -90.25645 38.733257
1420 3 59997766 -90.284734 38.751049
1400 3 59983963 -90.229888 38.763442
1450 3 59983964 -90.228996 38.759907
1100 2 59972854 -90.281519 38.740444
1095 2 59356484 -90.275594 38.763545
1250 3 59672710 -90.276401 38.750153
1668 4 59646909 -90.242476 38.754237
1209 2 59066307 -90.261716 38.754907
1125 2 59944792 -90.265003 38.7441
1275 3 59944794 -90.252928 38.738345
1600 3 59938257 -90.250488 38.758302
1600 4 59927417 -90.282719 38.751869
1565 3 59925213 -90.259726 38.75374
1845 4 51697799 -90.290906 38.783463
1795 3 59863512 -90.268304 38.77607
1420 3 55579831 -90.291731 38.742261
1450 3 59430175 -90.256764 38.73391
1150 2 51010849 -90.232853 38.744379
1565 3 59786219 -90.246147 38.758226
950 2 57535733 -90.26427 38.746274
1650 4 59741593 -90.309775 38.785422
1200 3 58463748 -90.243984 38.755883
1370 3 57331020 -90.260359 38.753669
1375 3 59570101 -90.259329 38.768631
1500 3 53756231 -90.237292 38.753855
1900 3 53711936 -90.253726 38.760619
800 2 59210857 -90.286615 38.750002
1375 3 58554495 -90.259329 38.768631
1375 4 51742108 -90.274813 38.744621
1100 3 46858820 -90.246781 38.756434
1209 2 56492180 -90.248282 38.750755
800 1 59970823 -90.147763 38.684234
1200 2 60205504 -90.22309 38.73023
800 1 59970826 -90.147546 38.68428
900 2 58198429 -90.147198 38.681296
1350 4 59569943 -90.156958 38.685787
1125 2 40286890 -90.155993 38.684739
895 2 60013671 -90.223588 38.729829
1300 4 52934500 -90.205122 38.781738
1270 4 59318752 -90.193504 38.779752
1100 3 59820497 -90.193556 38.758002
1225 3 60025991 -90.207682 38.785659
1095 2 59820399 -90.204405 38.783478
1150 3 59226275 -90.204952 38.751369
600 1 57141547 -90.2189 38.7494
1195 2 59665670 -90.223618 38.760588
1200 3 59440276 -90.199905 38.752936
1225 3 59229538 -90.196859 38.756907
1260 3 59112569 -90.208801 38.751508
1200 3 59890476 -90.209379 38.754028
1350 3 60326171 -90.213257 38.75201
1095 2 60326151 -90.193082 38.754299
1299 3 60323604 -90.188536 38.759799
1299 3 59154965 -90.189414 38.759333
1300 3 59865245 -90.206883 38.752537
1510 3 60205761 -90.201024 38.756402
1400 3 59738451 -90.206599 38.754656
1325 3 60322798 -90.211062 38.752249
1200 4 60322634 -90.190994 38.758181
1499 3 59155167 -90.205821 38.752345
1499 3 59493600 -90.199688 38.758285
700 1 60127776 -90.217832 38.773933
1275 4 60049794 -90.204033 38.783799
1000 2 56482018 -90.216447 38.750598
1650 4 60294051 -90.198394 38.786799
1095 3 59888340 -90.191918 38.759731
1275 3 46424687 -90.18958 38.762512
1190 3 59887687 -90.200678 38.753088
1325 4 59865275 -90.204267 38.779568
1200 3 59762240 -90.194674 38.755604
1150 3 60108228 -90.201457 38.754588
1200 3 60088077 -90.19965 38.756522
750 1 60117661 -90.211128 38.746295
1100 3 59517267 -90.225855 38.760498
1350 3 60265590 -90.210209 38.784972
1150 3 60013670 -90.18752 38.762056
1400 3 60257770 -90.203849 38.784177
1130 3 58838471 -90.204253 38.74622
1045 3 59440244 -90.201599 38.786581
1368 3 60238319 -90.190197 38.762758
2100 4 60238045 -90.211933 38.76
1550 3 59054451 -90.213412 38.786134
1200 3 59878008 -90.209249 38.743598
1350 3 60224972 -90.202714 38.75774
1400 3 60217028 -90.202776 38.787914
1400 3 60213914 -90.20164 38.781738
1300 3 60143279 -90.21155 38.741335
1350 3 60068357 -90.199845 38.754446
1300 2 60078291 -90.214917 38.750869
1400 2 60037841 -90.21632 38.742484
1600 2 59990429 -90.214842 38.771916
1300 2 59858743 -90.226579 38.762359
1550 3 60167347 -90.199332 38.751814
1150 3 60124387 -90.203638 38.780626
1490 3 59954003 -90.204206 38.779976
1700 3 60102258 -90.200919 38.756869
1495 3 60102202 -90.202394 38.75656
1300 3 60026325 -90.212062 38.784825
1125 3 60099082 -90.203494 38.751717
1350 3 60098556 -90.19334 38.761594
1160 3 60097528 -90.211929 38.745438
1300 3 59397775 -90.20529 38.78475
1400 3 60076973 -90.194171 38.758508
1550 3 60069636 -90.194845 38.759731
1300 4 60047897 -90.195663 38.784058
1299 3 59073631 -90.213213 38.785241
1540 3 60017774 -90.204267 38.753181
1450 3 47390584 -90.2075 38.777916
1345 3 58581650 -90.189939 38.761039
1300 3 59988310 -90.199082 38.758883
1550 3 59964576 -90.19077 38.761254
1125 3 59310618 -90.19477 38.759588
1250 3 59783936 -90.192663 38.755731
1250 3 59783937 -90.189092 38.758872
1100 2 59821700 -90.225711 38.752537
1300 3 59950961 -90.198674 38.753237
1095 3 59440243 -90.206191 38.75678
1300 3 46774893 -90.205799 38.779068
2200 5 59927282 -90.210929 38.743683
1450 3 59918731 -90.211693 38.750703
2295 3 59311792 -90.224298 38.756936
895 2 59536765 -90.208138 38.743355
1565 3 59619024 -90.205161 38.78618
975 2 53134426 -90.209883 38.741621
1195 3 59847536 -90.20844 38.785328
1195 3 59841750 -90.192443 38.758629
1200 3 59836227 -90.205058 38.751673
1550 4 57087186 -90.206471 38.779171
1245 3 49867310 -90.210777 38.758002
600 1 58341523 -90.209671 38.748215
1275 3 59403748 -90.208072 38.785742
1200 3 59352227 -90.202638 38.780799
1250 3 58991200 -90.206875 38.755402
1565 3 59853589 -90.206943 38.782383
