2195 1 58362335 -117.232001 32.721642
4199 2 56506087 -117.225829 32.727102
10680 3 59875544 -117.254283 32.719431
3090 1 59874848 -117.229506 32.720073
1900 7 59307832 -117.219731 32.736165
18000 4 60305275 -117.238251 32.713757
1995 2 60293516 -117.228467 32.72716
2800 1 52855219 -117.254799 32.738657
1650 0 60264951 -117.224569 32.730875
2000 1 59763339 -117.248379 32.735834
2250 1 59968283 -117.230013 32.737486
3900 2 59009152 -117.227052 32.728158
6995 3 60001110 -117.253072 32.732454
8500 3 60273322 -117.248962 32.714984
5500 2 58753178 -117.254672 32.739148
2500 2 59742263 -117.229767 32.726733
2200 2 57276266 -117.227229 32.726443
1950 0 57881179 -117.239057 32.733413
6750 4 60088598 -117.232042 32.727543
7500 4 59812957 -117.235486 32.719958
1495 7 59315884 -117.219731 32.736165
1995 0 58752437 -117.231013 32.719669
7000 2 59620442 -117.238149 32.710231
3200 1 60088448 -117.249568 32.73603
2225 0 59940605 -117.238069 32.736775
2299 1 59894876 -117.225169 32.730093
2800 2 59894665 -117.225337 32.730422
2200 1 59722868 -117.224118 32.731528
6500 2 56739131 -117.231966 32.726256
2900 2 59867427 -117.231251 32.724281
8500 2 56449116 -117.171638 32.675508
15000 3 56449138 -117.172733 32.675678
15000 3 57904617 -117.174311 32.677351
12000 2 56449622 -117.173184 32.676783
11000 2 56449125 -117.174712 32.676684
5800 1 56449120 -117.17232 32.674678
6500 2 56449123 -117.175387 32.677588
24000 2 56449634 -117.173694 32.67609
6000 2 56459290 -117.176073 32.681198
13500 2 56449624 -117.176283 32.67797
5500 1 56449114 -117.175752 32.678593
2600 2 57152287 -117.1697 32.6806
12000 2 57853255 -117.174712 32.676684
8000 2 57853256 -117.17232 32.674678
8500 2 57853058 -117.176283 32.67797
6250 1 57853041 -117.175752 32.678593
6000 0 57853042 -117.176283 32.67797
22000 3 57853043 -117.174712 32.676684
24000 4 58004393 -117.192034 32.690512
22500 4 58004394 -117.187514 32.687334
2900 0 58004344 -117.187869 32.690648
11000 1 58817539 -117.183673 32.693032
2750 2 59697277 -117.182834 32.689459
2695 2 60320775 -117.179249 32.693573
3995 2 52456171 -117.183191 32.689943
3500 0 57423999 -117.180053 32.688619
2465 0 57118125 -117.167556 32.696418
6570 2 59874459 -117.169445 32.708304
14000 2 58004391 -117.181796 32.695437
6200 3 60323658 -117.171335 32.692088
7500 2 57428114 -117.183429 32.694214
25000 4 58004367 -117.171638 32.688504
13000 2 58004390 -117.183022 32.685136
16000 3 58017064 -117.176957 32.687625
3300 2 60076183 -117.175253 32.692609
6500 3 56465045 -117.180598 32.688838
35000 4 56464073 -117.170102 32.687447
4000 2 60307622 -117.17859 32.686184
2500 1 57547524 -117.182491 32.691689
7900 3 59998144 -117.181453 32.696534
6000 1 57610789 -117.181628 32.688251
4000 3 55701278 -117.1796411 32.6947028
6000 2 59163369 -117.174879 32.695251
20000 3 58004388 -117.182684 32.686726
7800 4 60254975 -117.176725 32.694449
5800 3 56449127 -117.181841 32.685914
20000 4 58004392 -117.183287 32.687925
2975 2 59928089 -117.179311 32.69001
8000 2 59645364 -117.181063 32.684642
4200 1 59559117 -117.183287 32.690192
10000 4 59863837 -117.177102 32.687372
3250 2 56980886 -117.173576 32.694832
3495 2 60262914 -117.176178 32.696462
15000 5 58832098 -117.180819 32.687472
4000 2 59538649 -117.180239 32.687036
3650 2 60236136 -117.183181 32.690494
15000 4 60205075 -117.174498 32.699453
7500 3 60038603 -117.180168 32.691192
5400 2 60025856 -117.166259 32.710884
3350 1 59800237 -117.17833 32.686131
3350 1 59800238 -117.178415 32.685983
8000 3 59403005 -117.169704 32.69501
6500 1 59433034 -117.174501 32.691889
4600 1 43593055 -117.171435 32.699032
13000 4 57258285 -117.170311 32.684773
5750 4 60108226 -117.181734 32.686355
2350 1 59981158 -117.176311 32.684098
7500 3 57631371 -117.169112 32.685042
6250 3 59886680 -117.176787 32.696889
3800 1 56793258 -117.175191 32.694828
5800 2 59520981 -117.175957 32.694473
10000 3 57757633 -117.170982 32.697859
28000 7 58471372 -117.172152 32.686198
12000 3 58817538 -117.180273 32.68928
5900 2 58004396 -117.17551 32.687565
3488 2 57929263 -117.178178 32.69027
5500 3 57569909 -117.175463 32.685619
9500 4 56323315 -117.176063 32.684607
2695 1 55444600 -117.16054 32.708599
3400 2 56480080 -117.148774 32.709661
3600 2 58499202 -117.154969 32.707994
5950 2 56962614 -117.157269 32.71105
1500 0 55444048 -117.162358 32.710771
6570 1 59875184 -117.161442 32.708324
6570 1 59874446 -117.161016 32.708854
6570 1 59874445 -117.157401 32.709921
6570 2 59874455 -117.154607 32.706063
6570 2 60077571 -117.157704 32.706022
6570 1 59874448 -117.155362 32.707847
1700 0 55884812 -117.162639 32.709879
3740 1 58444401 -117.155074 32.708849
2050 0 60150185 -117.158753 32.711154
3500 1 38529182 -117.16058020000003 32.7095972
2374 1 46218955 -117.151353 32.708294
1550 0 56447354 -117.153429 32.710757
4995 2 59023506 -117.155074 32.708849
2375 0 60036139 -117.155108 32.710847
2395 1 59864222 -117.154414 32.710765
2995 2 56572005 -117.154969 32.707994
1995 1 59902700 -117.153399 32.710012
1695 0 56322872 -117.152521 32.709864
3199 1 39074460 -117.1596088 32.7085215
2688 1 60053904 -117.156331 32.70979
1688 1 56470519 -117.1477 32.703052
2600 1 56342674 -117.155108 32.710847
3100 1 60255171 -117.157269 32.71105
3300 2 54028755 -117.161473 32.70961
3300 2 54025223 -117.161473 32.70961
2390 1 59460970 -117.154414 32.710765
2995 1 60143757 -117.154969 32.707994
6700 2 60111511 -117.158753 32.711154
11995 3 60038602 -117.164219 32.710976
4700 2 60010310 -117.157849 32.708687
3950 2 59790143 -117.161473 32.70961
8000 2 57853105 -117.158753 32.711154
5000 1 57853079 -117.158753 32.711154
4300 2 59973312 -117.155093 32.708818
5900 2 60177180 -117.162419 32.708968
4850 2 60162630 -117.157849 32.708687
2600 1 60151114 -117.155074 32.708849
5000 2 59832397 -117.154414 32.710765
5150 2 55165580 -117.15438 32.709706
4250 2 60134492 -117.15438 32.709706
3200 2 60088040 -117.160562 32.709723
2650 1 52784962 -117.15438 32.709706
2788 2 60066416 -117.153399 32.710012
6800 2 57720605 -117.16515 32.711089
3699 1 59988079 -117.156925 32.710089
5000 2 56757764 -117.157849 32.708687
3350 2 56274836 -117.160562 32.710143
2700 1 56358998 -117.159649 32.708687
2750 2 56958129 -117.14822 32.703055
1550 0 51528403 -117.150296 32.70934
1700 1 60082007 -117.162389 32.711212
2695 1 55444602 -117.169459 32.718128
2450 1 56460176 -117.167754 32.725088
2650 1 60297192 -117.165875 32.721443
2150 0 60296420 -117.168424 32.731737
5750 4 59213459 -117.166771 32.722388
3300 1 58580138 -117.168722 32.718409
2538 1 24273355 -117.169592 32.722476
3000 0 58444705 -117.169983 32.724523
6570 1 59874450 -117.1674 32.712007
1963 1 59685353 -117.167578 32.728127
1599 0 56474934 -117.168201 32.729513
2600 0 51532175 -117.170896 32.724659
4300 1 60307660 -117.1666 32.7207
3995 1 60307662 -117.170771 32.717923
4500 2 60307630 -117.169362 32.714869
7500 2 60307628 -117.170524 32.715112
5750 2 60307629 -117.170771 32.717923
2695 2 59202445 -117.171283 32.72977
2650 2 60266034 -117.168289 32.729618
2500 1 57352555 -117.170424 32.732336
3200 2 60108963 -117.17153 32.737201
6500 2 60283480 -117.170487 32.719006
1895 0 56455926 -117.166024 32.728671
2095 0 56974663 -117.165892 32.72212
1750 0 56326041 -117.170646 32.73458
3295 1 56451917 -117.168797 32.726921
2300 1 58808141 -117.169825 32.736224
2150 1 56674925 -117.168064 32.720267
2650 2 60067323 -117.168064 32.720267
13785 2 60257530 -117.165536 32.720301
16500 3 58661964 -117.170524 32.715112
2795 2 60252287 -117.174394 32.737448
2495 1 60248891 -117.167889 32.725579
3145 2 59664492 -117.166948 32.720388
2350 1 60217095 -117.167424 32.725458
4300 2 59320764 -117.168511 32.712247
7200 2 60170355 -117.170348 32.717409
4500 1 60156398 -117.169562 32.719325
10000 2 60016096 -117.170524 32.715112
8750 2 60016097 -117.170524 32.715112
3000 1 59573993 -117.16854 32.718089
3795 2 59351492 -117.16854 32.718089
6800 2 58892890 -117.170348 32.717409
8950 2 58669166 -117.170524 32.715112
6700 2 58669167 -117.170524 32.715112
15000 3 58622510 -117.169562 32.719325
3450 2 59690811 -117.16854 32.718089
4000 2 60150301 -117.168562 32.722267
4600 2 57624011 -117.168959 32.721686
4400 2 60034757 -117.172652 32.736284
3900 2 58062215 -117.165875 32.721443
4250 2 59671651 -117.16937 32.713304
4100 2 58826998 -117.169362 32.714869
2995 1 55634958 -117.169397 32.713221
5000 2 58291716 -117.169562 32.719325
4600 1 56334167 -117.170348 32.717409
4000 2 57669908 -117.171452 32.735409
6000 2 56169110 -117.169693 32.712106
3950 2 55959236 -117.166219 32.712012
1500 0 55444336 -117.1666 32.7206
2299 0 57598877 -117.149038 32.715409
3000 1 55444601 -117.15949 32.711231
3009 1 57465283 -117.154624 32.715223
1999 0 56445455 -117.152572 32.71425
2283 1 52807797 -117.154237 32.71493
2248 1 59805631 -117.156155 32.717976
2184 0 39863594 -117.150885 32.71182
4540 2 59875490 -117.163983 32.712266
1206 0 43513477 -117.1530836 32.7112682
3500 1 58677437 -117.158052 32.716042
3990 2 58677430 -117.157519 32.716953
1995 1 57910274 -117.155933 32.722785
2225 1 58580904 -117.150083 32.712808
1695 0 56454165 -117.162358 32.72424
675 1 58615165 -117.161526 32.712895
2106 0 20027655 -117.157155 32.718628
1995 1 55444117 -117.155899 32.71513
1495 0 55444337 -117.155885 32.714373
2950 1 56606859 -117.156108 32.712812
1795 1 59213655 -117.152256 32.716193
3500 3 60322624 -117.150925 32.716492
2650 1 58593839 -117.160771 32.715947
2402 0 59806092 -117.154204 32.711812
5795 2 60307623 -117.163983 32.712266
2250 1 60297122 -117.157933 32.722641
1450 1 59715837 -117.152211 32.716562
2000 1 59815110 -117.150658 32.711247
10300 3 60294699 -117.163983 32.712266
2500 1 60001739 -117.158826 32.713277
1995 1 55444116 -117.160629 32.71699
1990 0 59569898 -117.149182 32.714365
1695 0 55888954 -117.155933 32.721133
1850 0 52076910 -117.160834 32.714579
1895 1 60216364 -117.164893 32.725375
7000 2 58712144 -117.157013 32.721355
2495 1 60276225 -117.159013 32.722552
1325 0 56485339 -117.156791 32.715409
1965 0 58125751 -117.16268 32.725281
1995 0 59430262 -117.154122 32.716385
2050 1 58997069 -117.160841 32.723346
3599 2 54261214 -117.154472 32.713895
6600 3 60219333 -117.156074 32.720363
3350 2 50385911 -117.157933 32.722641
2500 1 60203906 -117.15716 32.719247
3995 2 59946241 -117.159013 32.722552
2090 1 47549372 -117.1503882 32.7115773
15000 3 60079557 -117.164861 32.713212
2300 1 59516389 -117.15116 32.716112
2650 1 57853091 -117.150658 32.711247
3100 2 57825905 -117.154122 32.716385
2899 2 60177341 -117.159013 32.722552
3495 1 60155732 -117.154122 32.716385
1495 1 59453227 -117.152211 32.716562
3195 2 60140937 -117.164307 32.721432
3490 0 59009713 -117.154122 32.716385
1495 4 54344397 -117.152211 32.716562
3800 3 58973140 -117.150925 32.716492
2495 1 56325779 -117.157916 32.720281
2700 2 60017858 -117.157933 32.722641
1995 1 58363130 -117.156269 32.721829
2195 1 58343528 -117.157916 32.720281
4295 2 59385318 -117.163983 32.712266
3250 1 57962009 -117.159013 32.722552
2990 1 59489684 -117.157916 32.720281
1495 4 59453228 -117.152211 32.716562
1495 0 58588355 -117.160511 32.723482
1700 1 60082007 -117.162389 32.711212
1445 1 59453226 -117.152211 32.716562
2250 1 60152546 -117.165112 32.729747
2400 0 57032271 -117.16168 32.735378
8120 2 59875546 -117.164511 32.729996
3695 2 60209654 -117.1618038 32.7278294
1895 0 55445985 -117.160042 32.737433
1495 0 56861505 -117.160948 32.735992
1650 0 56466608 -117.160534 32.725996
2950 2 58974254 -117.165293 32.730592
1995 1 50318078 -117.162735 32.725419
2300 1 58223738 -117.162459 32.738086
2200 0 58445197 -117.160718 32.730864
2999 0 59672965 -117.161497 32.730737
1845 0 56455924 -117.164279 32.737819
2495 1 59873417 -117.160889 32.728844
1795 1 56455921 -117.162445 32.737365
2195 1 57937762 -117.164201 32.727659
1695 0 55446884 -117.163231 32.730592
2400 1 60262181 -117.164511 32.730134
3295 2 59662032 -117.159688 32.727552
2999 0 59573496 -117.161497 32.730737
3299 1 59573497 -117.161497 32.730737
5399 2 58504202 -117.161497 32.730737
5399 2 59192848 -117.161497 32.730737
3599 0 59573495 -117.161497 32.730737
2495 1 60088338 -117.162163 32.729836
2100 1 59493804 -117.163445 32.726329
3650 2 59429411 -117.159728 32.737986
1995 1 58999006 -117.16368 32.732775
2895 0 57221074 -117.164397 32.731078
1850 0 59867541 -117.160889 32.728844
1800 0 59867539 -117.160923 32.729235
1895 0 59867540 -117.161038 32.729235
1895 0 59867537 -117.161089 32.728867
3200 2 58641107 -117.160618 32.734719
3450 2 50025249 -117.160718 32.730864
2650 1 54196389 -117.160718 32.730864
1600 1 60310127 -117.164526 32.732737
4880 3 60035131 -117.255908 32.794502
1950 0 60242718 -117.256037 32.795276
2895 2 58362381 -117.251588 32.7481
2750 2 60012896 -117.250799 32.748954
2395 1 56443951 -117.226095 32.744824
3150 2 59168434 -117.2428 32.7405
4500 1 56316234 -117.231385 32.741534
3375 2 30122740 -117.222477 32.751729
2605 1 30122986 -117.221359 32.751164
2710 2 55177561 -117.225919 32.750393
3495 1 56699259 -117.225602 32.746444
8100 3 59875116 -117.238271 32.742863
5650 2 59874902 -117.252399 32.767701
2400 1 60099366 -117.244379 32.750002
2300 1 60243947 -117.2443588 32.7516696
2195 0 55474447 -117.222829 32.753264
2200 1 56923648 -117.250816 32.745082
2595 2 57592353 -117.232771 32.752088
2950 1 56411181 -117.227588 32.748182
2800 2 60231170 -117.251539 32.76494
1995 0 59177843 -117.25239 32.746809
1695 0 56459853 -117.251893 32.739992
1850 1 60089247 -117.229801 32.750944
2700 2 54649397 -117.230559 32.75078
3400 1 60321720 -117.227675 32.754513
3700 1 60321714 -117.227675 32.754513
2595 1 56470726 -117.251845 32.763926
2395 1 60096998 -117.252588 32.745598
3560 2 60320381 -117.232118 32.751264
2605 1 51419754 -117.221359 32.751164
3560 2 60309911 -117.232118 32.751264
3700 1 59492980 -117.227675 32.754513
6999 2 56337634 -117.250691 32.760527
3695 2 59416861 -117.252902 32.741917
2395 1 60045061 -117.249582 32.750237
1995 0 59580472 -117.248183 32.750522
2195 1 55442871 -117.23441 32.749295
2395 2 56476156 -117.240476 32.747082
1995 0 56478690 -117.249879 32.767601
1995 0 56452371 -117.231075 32.752191
2395 1 56343582 -117.233003 32.751191
2335 1 51419503 -117.220038 32.753772
3667 1 52866876 -117.240706 32.750188
7933 4 55169658 -117.245003 32.74022
1995 1 59886082 -117.234427 32.751598
6495 4 60205815 -117.246339 32.741006
2500 1 57489327 -117.252845 32.743191
3995 2 59807282 -117.230652 32.749735
2100 1 59339258 -117.226526 32.750972
2800 1 59368969 -117.244379 32.750002
2890 1 60087292 -117.2479061 32.7526845
4295 2 56482391 -117.238933 32.749412
2034 1 57436526 -117.236427 32.750369
3850 3 59176517 -117.245613 32.742608
5195 2 60226421 -117.251466 32.763663
3300 2 60199811 -117.230586 32.739751
11995 3 60100901 -117.244655 32.744727
6995 6 59562275 -117.225694 32.741582
6000 3 57853028 -117.249598 32.76
6000 4 57853029 -117.249598 32.76
4980 2 59055864 -117.251764 32.764424
3400 1 59558839 -117.227675 32.754513
3200 1 59558845 -117.227675 32.754513
2395 1 60151003 -117.234746 32.742844
4995 4 59844257 -117.23461 32.742765
3500 1 59491611 -117.227675 32.754513
2600 0 59491616 -117.227675 32.754513
5500 2 59492986 -117.227675 32.754513
3400 0 59492975 -117.227675 32.754513
5500 2 59520165 -117.227675 32.754513
5000 2 59568995 -117.227675 32.754513
5200 1 60141541 -117.228618 32.753128
2350 1 60127386 -117.249354 32.752345
3139 2 57436527 -117.236427 32.750369
2165 0 52406541 -117.236427 32.750369
2295 1 60070881 -117.246759 32.753907
2295 1 60067309 -117.246759 32.753907
5995 3 59844258 -117.23461 32.742765
2250 1 59138987 -117.227675 32.754513
1900 0 46989499 -117.251344 32.76755
2395 1 59813849 -117.247213 32.751755
9300 3 52862085 -117.250466 32.766562
3450 2 50025252 -117.241795 32.745976
2350 1 58535125 -117.227675 32.754513
2225 1 58094422 -117.227675 32.754513
3495 3 59101066 -117.231684 32.749274
2000 1 60076703 -117.233634 32.751103
2300 1 58567080 -117.253707 32.745012
2395 1 60249867 -117.240121 32.78871
2895 2 56321445 -117.2395 32.7923
5495 2 60202932 -117.2395 32.7923
3780 2 59243408 -117.246265 32.793245
2995 1 59490246 -117.232308 32.793802
2400 0 22915390 -117.237237 32.790337
18380 5 59875339 -117.255506 32.793473
4850 1 59875407 -117.252996 32.776194
2350 0 58443580 -117.237237 32.790337
7910 2 59875506 -117.255274 32.791051
1995 1 56470700 -117.233819 32.794956
2300 0 57242596 -117.252156 32.772493
2695 1 59366608 -117.248498 32.795728
1795 0 59807672 -117.251707 32.794026
1650 0 60323656 -117.236578 32.792988
3500 2 55107809 -117.240883 32.793709
1625 0 55471545 -117.239003 32.794932
1695 0 56945948 -117.238845 32.794209
3550 2 60321998 -117.252013 32.774552
1895 0 56601243 -117.237028 32.788151
3995 2 60317862 -117.236989 32.793644
6000 4 59983958 -117.237757 32.786303
3500 1 60299021 -117.245023 32.791948
1695 0 60298207 -117.250268 32.773502
2750 1 60297831 -117.252013 32.781639
7750 3 60297373 -117.252314 32.785436
9500 3 59538027 -117.252307 32.784519
3495 1 60295782 -117.239725 32.786861
4500 1 60295759 -117.250993 32.772735
7500 3 60295733 -117.241098 32.789738
2695 1 56466575 -117.235464 32.790649
1595 0 56669956 -117.251088 32.773019
2895 1 57359614 -117.235634 32.789942
3195 2 60204635 -117.232349 32.792124
3533 1 52866871 -117.253974 32.788058
2150 0 57124644 -117.232711 32.791132
2595 2 56910720 -117.238559 32.794388
2175 1 56455275 -117.238075 32.796048
2850 1 56456302 -117.245923 32.79617
3200 2 50453015 -117.247879 32.794468
5295 3 58663025 -117.246549 32.795167
3850 2 57256973 -117.25071 32.795259
2300 1 57552250 -117.239701 32.795259
2595 1 60251314 -117.236364 32.792337
5000 2 60237171 -117.232909 32.793896
3395 2 60238780 -117.250418 32.773735
5500 2 60237178 -117.251421 32.793663
4500 1 60237168 -117.250911 32.772683
8000 2 60237169 -117.250647 32.772568
3295 2 60236282 -117.252219 32.77419
3250 2 58615133 -117.238251 32.78675
3780 2 59446349 -117.246265 32.793245
15000 3 59806363 -117.250913 32.774473
20000 5 59433035 -117.235349 32.78275
20000 4 58762066 -117.238771 32.787453
3600 2 58012822 -117.25371 32.78386
9000 3 59462301 -117.253383 32.784942
4000 2 47786627 -117.253199 32.782839
3995 2 59822792 -117.249879 32.796124
10899 4 56963215 -117.252572 32.773609
3900 1 46993279 -117.253751 32.785241
5917 2 55625179 -117.252628 32.785036
3867 2 52862086 -117.249835 32.795434
2900 1 53263776 -117.252355 32.78053
4482 1 59220262 -117.2525 32.782
5000 3 47786628 -117.250802 32.772748
2752 1 57436459 -117.238791 32.789695
2157 0 57436458 -117.238791 32.789695
3923 2 57436460 -117.238791 32.789695
7435 3 59493503 -117.279091 32.839236
9640 2 59875519 -117.280705 32.839379
9010 2 59875588 -117.266776 32.811073
1895 0 55439041 -117.257104 32.808857
1900 1 60208666 -117.27426 32.831469
2600 0 59101294 -117.271468 32.842959
3449 1 59673259 -117.273452 32.842212
3650 1 60316889 -117.26858 32.84565
5500 2 60224547 -117.267131 32.810823
14800 5 60307654 -117.269635 32.848055
8395 3 60307632 -117.259983 32.814712
10950 4 60305274 -117.257566 32.807794
5500 3 60297283 -117.278476 32.840279
14999 7 59711342 -117.265012 32.847831
8990 4 58578283 -117.261529 32.848609
2795 1 60294655 -117.277908 32.830366
2395 1 56546824 -117.265983 32.811093
2995 2 60123788 -117.274671 32.832609
4550 2 48591431 -117.273136 32.846312
2190 1 59415792 -117.271078 32.843287
6500 3 58640274 -117.270482 32.845754
47500 5 60261470 -117.266434 32.823307
1700 0 60238611 -117.272349 32.845159
25000 3 60079556 -117.259558 32.842063
7900 2 60033848 -117.276671 32.847521
30000 4 60038601 -117.262359 32.850449
6500 3 60046645 -117.277652 32.828396
6000 2 59824602 -117.280299 32.84112
28000 6 59577360 -117.277873 32.823319
10000 2 59624641 -117.277552 32.827215
90000 6 59567291 -117.263027 32.819121
17000 3 59577358 -117.262101 32.850668
15000 4 59433037 -117.256189 32.850366
3000 1 59122591 -117.256418 32.803053
14500 5 59288920 -117.267924 32.816043
3000 1 59122590 -117.256418 32.803053
4900 0 58048486 -117.270869 32.849195
12000 2 57853104 -117.271838 32.849739
45000 4 57853084 -117.280201 32.836101
29000 3 57853086 -117.271149 32.849609
25000 4 57853087 -117.271164 32.849948
20000 3 57853038 -117.280058 32.829323
8000 2 57853030 -117.276671 32.847521
35000 5 59624060 -117.260883 32.835469
5250 1 60110308 -117.267131 32.810823
6500 1 59639655 -117.270914 32.836719
5995 4 60168962 -117.272687 32.837969
1800 0 60166453 -117.272349 32.845159
6395 3 60142471 -117.272687 32.837969
5500 2 59491668 -117.275706 32.824744
3995 2 59981018 -117.257255 32.800886
9033 4 53763761 -117.27258 32.836448
11000 3 58310732 -117.270401 32.846403
7500 1 58144102 -117.28048 32.83681
3595 3 59877222 -117.257057 32.799278
2595 1 55446983 -117.221437 32.802653
2595 1 59100338 -117.248139 32.799497
2195 1 60249866 -117.232986 32.804235
2300 1 56506126 -117.23347 32.798048
2215 1 56934263 -117.230003 32.803499
2650 2 59767301 -117.247317 32.797685
2215 1 60204231 -117.234003 32.798509
2445 1 58705901 -117.249339 32.796663
2395 1 60098002 -117.221907 32.807008
3095 1 58719518 -117.240559 32.802131
9930 4 59875561 -117.222261 32.809166
6570 1 59874451 -117.223481 32.806852
6570 3 59874457 -117.227387 32.803536
3349 2 56073091 -117.2268531 32.8005253
2025 0 56481028 -117.227702 32.800295
3800 3 47786655 -117.236592 32.800022
3428 2 56466071 -117.23973 32.801722
3000 1 58899867 -117.242855 32.798649
2750 2 56734335 -117.242059 32.804214
2195 1 12856786 -117.232986 32.804235
2095 1 59512940 -117.239648 32.798794
5995 3 60322511 -117.251421 32.811072
3850 2 57323427 -117.234865 32.800433
3895 2 60298429 -117.237456 32.802749
4595 3 60298209 -117.229976 32.797394
4695 3 59339096 -117.24152 32.798388
3450 2 52204988 -117.2524 32.8465
2800 1 59767928 -117.237456 32.802749
3650 2 60028811 -117.234608 32.805424
2295 1 60295093 -117.253707 32.801667
3550 2 60294942 -117.238427 32.799629
10750 5 57927621 -117.24246 32.83048
1895 0 58728147 -117.242344 32.797074
3400 2 60098298 -117.238327 32.796558
1695 0 60097990 -117.243727 32.797255
2350 1 56478614 -117.234237 32.804681
4763 3 56931718 -117.251173 32.796832
3095 1 56322870 -117.239522 32.804764
2199 0 55473450 -117.253314 32.798353
2295 1 60267371 -117.232986 32.804235
2995 2 56491681 -117.239954 32.799318
3750 2 60265219 -117.252549 32.79652
2500 1 57894958 -117.248582 32.797406
1995 1 55916493 -117.228964 32.800757
2795 1 55878138 -117.241717 32.796804
2050 0 57688176 -117.243976 32.802805
3500 2 60256746 -117.222694 32.805764
7500 4 60254962 -117.235623 32.82771
3950 3 60125166 -117.247431 32.852053
4950 3 59514146 -117.252889 32.851072
1900 1 56706612 -117.241034 32.798812
3100 2 60123679 -117.253658 32.805907
2595 2 60239253 -117.232782 32.796546
3975 2 60237757 -117.234069 32.8039
2800 1 59933688 -117.254502 32.802064
7695 4 59730956 -117.236223 32.830719
2395 1 60110588 -117.221907 32.807008
4050 2 60170353 -117.253726 32.801235
5875 3 60048993 -117.235516 32.821102
100000 6 59577359 -117.250877 32.846744
7500 2 59555686 -117.253221 32.804086
5495 3 58846386 -117.250169 32.851589
49000 5 59624062 -117.251566 32.840287
3400 1 59491639 -117.233994 32.804764
9000 3 59568987 -117.245903 32.806352
5000 2 60125999 -117.240858 32.821709
5500 3 60099296 -117.248235 32.803443
2295 1 56346897 -117.237456 32.802749
2595 2 60025073 -117.244179 32.802764
2350 1 60022084 -117.232592 32.802339
3300 2 56694735 -117.226868 32.800683
4950 4 59767387 -117.223794 32.847101
6275 3 58862151 -117.232251 32.805384
3095 1 58735110 -117.240559 32.802131
6000 3 57728392 -117.244183 32.799774
7500 3 57039700 -117.251472 32.815448
2150 1 60275939 -117.255329 32.800308
1500 0 60294139 -117.242582 32.80269
2200 1 58000246 -117.222644 32.806339
7895 4 59418708 -117.240774 32.830222
3175 2 56448506 -117.209538 32.749236
2800 0 54641862 -117.187114 32.770665
2220 1 57115898 -117.208821 32.748882
39930 4 59875542 -117.186155 32.745908
6570 1 59875671 -117.193632 32.777026
2345 1 56471359 -117.195588 32.794601
3195 3 57148008 -117.190109 32.768135
1700 0 58050463 -117.210909 32.744113
2450 2 60323595 -117.190599 32.768978
1795 0 56204125 -117.217312 32.749683
2195 0 56476158 -117.192451 32.768129
2800 3 59206183 -117.2015 32.7609
2395 2 59366830 -117.190082 32.76888
1400 0 60296712 -117.200608 32.750598
3400 1 59558848 -117.189004 32.766758
3200 1 59593568 -117.189004 32.766758
2195 1 59979173 -117.195626 32.755434
2495 1 60204628 -117.209821 32.748621
1850 1 59856270 -117.189099 32.769073
6500 3 59620454 -117.197905 32.771282
2545 2 59941940 -117.189751 32.768171
2350 1 59932184 -117.192332 32.767143
2350 1 59932187 -117.192332 32.767143
2045 1 58066279 -117.186715 32.768819
2100 1 56498073 -117.202678 32.789363
2595 1 57077157 -117.215138 32.750768
1995 1 60087988 -117.190918 32.767122
2500 2 60265282 -117.189939 32.764239
5200 3 60237201 -117.215205 32.749188
3450 2 58166736 -117.191415 32.768122
3400 3 45583653 -117.188619 32.768418
4900 2 60143755 -117.204821 32.791262
2975 1 55040365 -117.187114 32.770665
3650 2 55040367 -117.187114 32.770665
4675 3 55040371 -117.187114 32.770665
5200 2 59491583 -117.187211 32.768275
3144 2 59932190 -117.192332 32.767143
5000 2 59491579 -117.200249 32.771578
2195 1 50587295 -117.189928 32.767315
2750 2 60076902 -117.189684 32.767383
2395 2 59736311 -117.190599 32.768978
4500 2 56713440 -117.215084 32.749269
3000 2 59800834 -117.187142 32.76908
3864 3 59932188 -117.192332 32.767143
3864 3 59932192 -117.192332 32.767143
8995 5 59932175 -117.187823 32.767539
8995 5 59932176 -117.187823 32.767539
7500 4 59932178 -117.187883 32.766956
8995 5 59932174 -117.187823 32.767539
3450 2 59763362 -117.204821 32.791262
2350 2 58461132 -117.207821 32.751237
4500 3 56849540 -117.199562 32.769383
2650 3 60025166 -117.20356 32.773946
2350 2 58016129 -117.180301 32.745412
22010 4 60035129 -117.18211 32.744365
2018 0 39863332 -117.176765 32.767049
6570 2 59875775 -117.174351 32.758437
6570 1 59928054 -117.16705 32.762656
3330 1 58444440 -117.167404 32.762418
2495 2 57064498 -117.166459 32.750508
2195 1 59136272 -117.171568 32.74596
2150 0 56145815 -117.171683 32.749639
2195 1 58856490 -117.169693 32.7439
3195 1 60323572 -117.165923 32.751402
2350 2 60321029 -117.173449 32.745839
2395 2 57165312 -117.169315 32.740559
1595 0 60296520 -117.168424 32.745709
3400 1 60295233 -117.18058 32.766715
1800 1 60047189 -117.166556 32.750673
5000 3 58004363 -117.183439 32.744006
1995 0 60000883 -117.181044 32.745174
1635 0 55432586 -117.178191 32.744124
2450 1 60216463 -117.171752 32.748817
2290 1 50011805 -117.177694 32.742217
1950 1 58593569 -117.179311 32.747182
2200 0 55446886 -117.178993 32.741582
1975 0 59966106 -117.169345 32.750145
2290 1 52503297 -117.177694 32.742217
2950 0 57853290 -117.174083 32.741205
9300 3 59997521 -117.180841 32.744765
7750 2 60004787 -117.18098 32.744786
8500 2 60004788 -117.180964 32.744804
2500 1 51327572 -117.178524 32.757731
3200 1 59491591 -117.18058 32.766715
3500 1 59593571 -117.18058 32.766715
3650 2 54414101 -117.178524 32.757731
3339 1 45183899 -117.162138 32.756552
3100 2 60322162 -117.149147 32.759413
2695 2 60322159 -117.162526 32.752508
2895 0 58768655 -117.160915 32.745865
3075 1 57120878 -117.1643 32.7463
2695 2 57979887 -117.150826 32.750703
2750 1 59202251 -117.163586 32.750699
2195 1 56086695 -117.159791 32.743839
2348 0 59149215 -117.161743 32.753513
2929 0 59032057 -117.160413 32.739648
2180 0 59875449 -117.153738 32.757074
3060 1 59875031 -117.163597 32.745112
1895 1 59537883 -117.1600123 32.7532856
2095 1 59798164 -117.159074 32.753988
1450 0 58040413 -117.157714 32.749174
1895 1 48617021 -117.151745 32.746735
2150 1 56526532 -117.147935 32.744038
2300 1 60326814 -117.157745 32.749639
3495 4 60254929 -117.148279 32.746142
2195 1 58012851 -117.160743 32.753508
2695 2 52927621 -117.162526 32.752508
2025 1 56482788 -117.151628 32.76055
1825 0 56457535 -117.162693 32.753299
2995 1 56455843 -117.160722 32.742217
1995 1 56813042 -117.161279 32.749006
1525 0 56452396 -117.1643 32.7463
1995 1 57552086 -117.162445 32.752103
2795 2 60296521 -117.150826 32.756226
4800 2 59902751 -117.165279 32.742735
2195 1 59887929 -117.161162 32.754002
3300 2 56559800 -117.165279 32.742423
2400 1 60294194 -117.164188 32.745547
2250 0 60293860 -117.157745 32.749639
1745 0 56461448 -117.159781 32.742647
2200 1 60168209 -117.149118 32.754483
1850 1 59079019 -117.160781 32.749559
1645 0 56483781 -117.160112 32.744998
4100 2 59037681 -117.148582 32.748466
1850 0 56424396 -117.148475 32.748962
2750 1 56338528 -117.154269 32.746124
2295 0 60266088 -117.148554 32.747709
1995 0 56457536 -117.161889 32.740006
2500 2 60035850 -117.161678 32.754103
2800 2 59225445 -117.147909 32.750153
2295 1 57075710 -117.147791 32.742998
1995 0 59877126 -117.150881 32.751084
2725 2 56455922 -117.163112 32.751088
2195 1 56456426 -117.147955 32.742765
2495 2 59669974 -117.15038 32.759402
1995 1 56466558 -117.149247 32.753725
1795 0 59877099 -117.150273 32.746741
1795 1 60266092 -117.163578 32.747976
2395 1 57215396 -117.150113 32.746741
2095 0 60265860 -117.158155 32.746824
2445 1 58854525 -117.149076 32.753731
1550 0 60204845 -117.16368 32.748098
3295 2 59310317 -117.161231 32.744778
3000 2 59783527 -117.162419 32.747343
4950 2 60242216 -117.147593 32.741291
3650 0 60239460 -117.158871 32.749312
2450 2 60219334 -117.159598 32.745889
2950 0 57853238 -117.157774 32.745032
2950 0 57853239 -117.157672 32.744824
3950 2 57853240 -117.157672 32.744824
5500 3 57853100 -117.157122 32.749741
2295 2 59415829 -117.158408 32.748377
2695 3 58431564 -117.160781 32.749142
2750 2 47040547 -117.158958 32.767289
1950 1 60127862 -117.164162 32.744379
2800 1 60127823 -117.160743 32.744456
3850 2 55171265 -117.153241 32.758226
3500 2 60070450 -117.164693 32.750855
3950 2 60065411 -117.152028 32.746124
1995 1 59353648 -117.150273 32.750829
3250 2 59833603 -117.148861 32.741493
1895 1 44997749 -117.150273 32.75209
3500 2 58149584 -117.16415 32.742817
3533 1 54321977 -117.15049 32.741423
3140 1 36507286 -117.164419 32.770787
3295 2 60251304 -117.172913 32.776038
3309 0 36946264 -117.161781 32.778649
2875 3 55919696 -117.167841 32.785372
3995 2 58817713 -117.17272 32.775958
4695 3 59735972 -117.174728 32.790172
3250 2 59442830 -117.17432 32.790426
2630 1 22920467 -117.154052 32.792197
6570 1 59875678 -117.148558 32.772965
4395 3 59154550 -117.1742355 32.7794645
2925 2 55903681 -117.168395 32.785888
2895 2 55902397 -117.174683 32.775125
1550 0 55890543 -117.168358 32.78471
2175 0 55908138 -117.168718 32.786444
1600 0 55431023 -117.155728 32.793571
2794 1 39882988 -117.151034 32.776809
2495 3 60254936 -117.176524 32.780058
3495 3 60251300 -117.166754 32.780669
2215 1 57436482 -117.168781 32.782814
3995 3 60125572 -117.174851 32.79205
2200 2 60011694 -117.168722 32.784241
2372 0 39882979 -117.152885 32.775901
2598 0 41369094 -117.149755 32.776529
4250 4 60307642 -117.157658 32.78606
3145 3 59876071 -117.170752 32.781295
2695 2 60294640 -117.176677 32.795728
2600 2 60130147 -117.168942 32.784992
2700 3 55916098 -117.170326 32.790216
2300 2 60288742 -117.1777431 32.79236
5400 3 46235259 -117.147881 32.779901
2981 2 57436484 -117.168781 32.782814
3195 3 59226636 -117.170752 32.781295
4395 3 59306923 -117.174283 32.779393
2900 2 54242527 -117.175424 32.782234
2195 1 60264466 -117.167103 32.789914
3495 3 60209852 -117.164839 32.790132
2200 1 59234978 -117.176463 32.773296
1950 0 49296648 -117.15138 32.773578
3427 2 57612118 -117.168781 32.782814
4500 4 59594730 -117.167188 32.787295
2195 1 59178246 -117.173582 32.768721
2600 2 56365814 -117.151977 32.772313
3498 1 42273410 -117.1905776 32.8524716
2786 1 44987238 -117.1931505 32.8519508
2809 0 42273389 -117.1922316 32.8515137
2389 1 16556124 -117.193632 32.800503
2595 1 60064658 -117.190815 32.839116
2195 1 56687268 -117.211712 32.809038
2809 2 56767524 -117.193381 32.852131
3005 1 48568463 -117.212865 32.800458
16220 5 59875438 -117.176085 32.813771
9360 4 59875378 -117.171518 32.820645
9740 2 60035120 -117.177148 32.812796
1768 0 39863796 -117.177524 32.834065
2115 1 59143534 -117.178129 32.813884
1895 1 55474068 -117.151885 32.804122
1814 1 51453623 -117.161743 32.803548
2340 2 60067574 -117.172102 32.821263
1985 1 59404936 -117.180453 32.83413
1800 1 59064827 -117.155273 32.804499
3600 3 60107892 -117.200024 32.826232
2095 1 56242638 -117.154772 32.808499
2710 2 57436517 -117.161743 32.803548
1375 1 58543656 -117.180199 32.833792
7300 5 57337390 -117.182287 32.835754
2250 1 55472652 -117.1644 32.809
1950 0 56423969 -117.186342 32.834754
2950 2 60251631 -117.192374 32.834792
2095 1 51451419 -117.177463 32.82314
2245 1 60311315 -117.215007 32.825838
4500 3 60307636 -117.212144 32.81203
2320 2 60067573 -117.168231 32.820759
3750 3 60295155 -117.176073 32.803378
3795 3 59966004 -117.219374 32.804008
3400 1 59620458 -117.180684 32.824332
2950 2 59887815 -117.219062 32.833789
2295 1 51448140 -117.155993 32.806214
2650 2 59843506 -117.156455 32.808548
1650 0 59660691 -117.213369 32.802667
2195 1 55878139 -117.213033 32.802078
3395 3 60274094 -117.179209 32.816433
3700 3 59938992 -117.214181 32.830789
2250 2 59676066 -117.214089 32.802653
1795 1 55443141 -117.175008 32.821851
7200 3 60264414 -117.209172 32.797823
5500 1 60264412 -117.209172 32.797823
6000 2 60264413 -117.209172 32.797823
1895 1 55471498 -117.1618 32.802757
2750 2 55774920 -117.170725 32.821263
4500 4 60251269 -117.164892 32.80996
5800 3 60237154 -117.20044 32.801938
2750 2 59843705 -117.179449 32.823629
2180 1 60205316 -117.173463 32.819093
5350 4 59226142 -117.215458 32.816242
2100 0 58383953 -117.160362 32.803295
12000 3 59800240 -117.201405 32.824255
2500 1 50027308 -117.212191 32.825253
5995 3 57733884 -117.175348 32.813665
2850 2 60142151 -117.179209 32.816433
6500 4 59832393 -117.20044 32.801938
1200 1 60127847 -117.165562 32.816423
2150 1 59493707 -117.173463 32.819093
2595 1 60081404 -117.190815 32.839116
3975 3 55987742 -117.162246 32.807443
2750 0 59689739 -117.187269 32.836892
5995 4 60047425 -117.186536 32.832749
3700 3 59622138 -117.219579 32.804095
2295 1 53335655 -117.157254 32.810172
2900 2 58096091 -117.200895 32.834692
4588 3 59968564 -117.189107 32.829874
4500 3 59965797 -117.209099 32.839413
2895 2 59932211 -117.159807 32.801952
4200 3 58223942 -117.167042 32.824376
3795 3 58508725 -117.207016 32.822404
1957 1 55432168 -117.097025 32.647126
2195 1 59809735 -117.082823 32.64732
2600 2 59527815 -117.096954 32.668185
2450 2 59271094 -117.099581 32.660858
2195 1 56507751 -117.085268 32.675194
2025 0 56774637 -117.087736 32.675721
2550 1 58407138 -117.097264 32.656066
2295 0 59144425 -117.091543 32.679852
2595 1 56076986 -117.096874 32.656634
1695 1 56745230 -117.094648 32.663483
1815 0 50930399 -117.104826 32.676132
2790 2 59220359 -117.0891701 32.681482
1695 1 55473639 -117.088047 32.636204
1795 1 60207921 -117.101133 32.668945
2725 2 56887575 -117.098078 32.645639
1995 1 56248701 -117.089698 32.67963
2195 2 57417055 -117.088709 32.682825
1740 1 58355123 -117.089359 32.668218
1890 1 57436485 -117.099316 32.661327
2527 2 57436486 -117.099316 32.661327
1595 1 60276899 -117.103797 32.680467
2795 2 49170756 -117.083972 32.681991
1750 0 60310397 -117.079195 32.669097
1845 0 54712829 -117.079452 32.643665
1895 1 56327896 -117.098556 32.672075
2195 2 31583811 -117.089039 32.633273
2725 1 55472183 -117.080765 32.63348
2000 1 56479875 -117.087039 32.640562
1695 1 56960164 -117.095232 32.680386
2600 2 60236427 -117.096062 32.644112
2195 2 58289326 -117.085207 32.644282
2295 1 56994165 -117.0917 32.671
1495 0 55442793 -117.098073 32.639657
2000 1 56243957 -117.095168 32.635657
2695 2 56962054 -117.080553 32.663243
1995 1 55430434 -117.084207 32.645766
3295 2 59490074 -117.102323 32.67664
5500 2 58004368 -117.137054 32.629543
1825 1 56458139 -117.081577 32.643499
1745 1 58640039 -117.092763 32.641878
2900 0 59998065 -117.103449 32.676593
1795 1 60276261 -117.106205 32.678635
3350 3 60266853 -117.093726 32.669086
2045 2 56670242 -117.075951 32.63533
3195 3 60265758 -117.089588 32.64706
2395 1 57501871 -117.078719 32.640426
1800 1 60264531 -117.07657 32.629944
2395 2 60262774 -117.095094 32.643224
2495 2 60240109 -117.094448 32.64675
2950 2 60148712 -117.099732 32.64689
3400 2 60176844 -117.104803 32.677194
2050 2 60171332 -117.091718 32.642479
3200 3 60167904 -117.080907 32.673721
2400 2 59686608 -117.083219 32.636749
2695 2 60108688 -117.080329 32.663232
2788 2 60087094 -117.082242 32.645835
1591 0 60076306 -117.1052 32.672
2000 2 60066273 -117.084369 32.645106
3400 3 59686201 -117.082063 32.675239
2675 2 59417075 -117.088401 32.633445
2950 2 59589642 -117.077776 32.647672
2000 1 56448056 -117.076552 32.637692
11500 4 58398538 -117.133857 32.62634
14500 4 56696335 -117.132261 32.629519
1950 1 57721006 -117.090832 32.645054
2300 1 57125201 -117.087153 32.639837
1995 2 60321764 -117.088919 32.646813
3580 1 59999396 -117.137778 32.705195
1900 1 60278573 -117.13983 32.707089
1795 1 60141899 -117.14217 32.698163
2695 2 56311878 -117.136634 32.694943
2275 2 59750554 -117.12 32.6971
2200 1 60067405 -117.136801 32.707654
1999 2 60297860 -117.111668 32.686158
1900 1 59513096 -117.117973 32.703108
2545 2 59233818 -117.130066 32.702543
1895 1 58298876 -117.133564 32.710808
1699 0 57860498 -117.146093 32.710266
2295 2 60264681 -117.129775 32.695345
3500 3 59992248 -117.126904 32.693828
2100 2 60269552 -117.1192808 32.6962323
2500 2 56882875 -117.120104 32.698597
1695 1 56546235 -117.134748 32.705089
1895 1 56313377 -117.14682 32.702366
1995 0 56467975 -117.139953 32.709933
2595 3 60248888 -117.134094 32.697697
2052 1 59940467 -117.138072 32.704443
2650 1 56682480 -117.142742 32.697757
2050 1 57367257 -117.130218 32.707849
1990 1 54671975 -117.143724 32.710947
3345 3 59157252 -117.139289 32.708164
3200 2 54956476 -117.120032 32.6978
4400 1 59512364 -117.141062 32.696967
1750 1 59941810 -117.138489 32.703922
2795 2 59969804 -117.114395 32.697393
2200 1 60076123 -117.144043 32.70872
1995 1 60066310 -117.134231 32.703719
1650 1 48338354 -117.130527 32.707767
1950 0 59813817 -117.124612 32.71055
1695 1 59932171 -117.134261 32.701818
1699 1 59580047 -117.132752 32.693132
1699 1 58765232 -117.132752 32.693132
1699 1 58765233 -117.132752 32.693132
2195 1 56260867 -117.13457 32.710884
2195 1 56260864 -117.134489 32.710884
2195 1 56260866 -117.13457 32.710884
1699 1 57778430 -117.132752 32.693132
2195 1 56260865 -117.134489 32.710884
2195 1 56260863 -117.134489 32.710884
1450 0 60298716 -117.114956 32.701108
1499 0 56313695 -117.130672 32.705263
1595 0 60238861 -117.145906 32.71062
4150 3 58643488 -117.1217 32.7153
6670 3 59875256 -117.12393 32.728029
5190 2 59875778 -117.12955 32.712343
2395 1 56744728 -117.146309 32.716342
1700 0 56734070 -117.13071 32.715409
2150 1 59385247 -117.142562 32.714107
2095 1 56836972 -117.128932 32.717231
1500 0 56934286 -117.139464 32.715514
1895 1 55438474 -117.142012 32.714492
2195 1 59063891 -117.129602 32.731262
3050 2 56447351 -117.137169 32.718143
1595 0 60276258 -117.143724 32.715612
1895 1 58936987 -117.144409 32.717709
2395 1 55888774 -117.123361 32.716221
1795 0 55905587 -117.132289 32.718231
2095 1 58081683 -117.128999 32.737956
2350 1 59998112 -117.133033 32.716089
1795 1 60299481 -117.132072 32.715562
2495 1 60298706 -117.130475 32.718247
2550 1 60298671 -117.130586 32.727375
2495 1 57124383 -117.141926 32.718212
1950 1 59034272 -117.137319 32.716154
2400 0 51561992 -117.123821 32.71982
1895 1 59965928 -117.129894 32.725802
1895 1 59226304 -117.137936 32.717474
1995 1 60236437 -117.139345 32.71613
2733 1 52866875 -117.130801 32.727388
3100 2 59684648 -117.136538 32.71499
1695 0 55443013 -117.130148 32.71475
2495 2 59887468 -117.128596 32.716172
1995 1 56387234 -117.132748 32.716595
1995 1 56454429 -117.129023 32.723294
1750 0 59645348 -117.142774 32.716562
2600 2 59369596 -117.1217 32.7153
1850 1 60098247 -117.129375 32.737958
3200 1 51520921 -117.123999 32.722671
2595 2 60255170 -117.132678 32.717212
2795 2 59656467 -117.115576 32.718651
5499 3 60217010 -117.121485 32.721585
3500 1 60177179 -117.121689 32.721397
3695 3 59592865 -117.142943 32.717713
3300 2 58951508 -117.131475 32.718612
3149 2 60170780 -117.142738 32.717442
2950 2 60170629 -117.130464 32.716185
10105 1 43993385 -117.143801 32.7145758
2800 3 54415166 -117.131212 32.711491
3295 3 59218377 -117.135337 32.712442
2945 3 60116273 -117.134066 32.716168
3595 2 57911123 -117.113558 32.724194
3500 2 60017903 -117.145165 32.717433
2350 2 60070478 -117.128123 32.718289
2695 1 59760476 -117.142239 32.717595
3450 2 56685023 -117.130708 32.72781
1995 1 59844806 -117.131922 32.718644
2995 2 50321566 -117.145007 32.714328
2700 2 58837739 -117.125762 32.72612
1575 0 58431406 -117.143612 32.711311
2395 1 59145432 -117.092515 32.684184
29220 5 60035125 -117.086636 32.719889
1850 1 55934058 -117.087742 32.696309
2123 1 57709798 -117.095094 32.684607
1995 2 59492306 -117.109381 32.695763
1850 2 60114467 -117.078411 32.715638
3095 3 60076110 -117.086299 32.704905
1695 1 56477154 -117.108901 32.700922
2250 2 55474102 -117.094648 32.732575
2695 3 59984380 -117.091993 32.739336
2600 2 53215272 -117.097626 32.729281
2395 2 56723898 -117.107205 32.695874
1675 1 55471225 -117.091005 32.738291
1899 2 56480960 -117.088 32.7048
2495 3 58971674 -117.101238 32.71399
1950 2 60239199 -117.092718 32.736319
1700 1 56476205 -117.082104 32.709116
2895 3 58580970 -117.100381 32.689536
1750 1 57538745 -117.098197 32.733486
1995 1 57088505 -117.101688 32.686069
2425 2 59856532 -117.093232 32.709905
2195 2 56459513 -117.088802 32.705038
2295 1 59877422 -117.107887 32.689058
3495 3 60239103 -117.076268 32.730016
2450 2 60263252 -117.111148 32.734378
3600 2 60145603 -117.077082 32.685307
3450 3 60240235 -117.076154 32.698785
2150 2 60223632 -117.076069 32.701164
2975 3 59941471 -117.09455 32.734992
2500 2 60004789 -117.094037 32.697376
1900 0 56178921 -117.101063 32.698526
3095 3 59683489 -117.080517 32.738509
1725 1 59880186 -117.110009 32.695859
2500 2 60141483 -117.097209 32.714839
1850 1 60130400 -117.100619 32.714336
1200 4 58395533 -117.081003 32.701052
2561 2 60065870 -117.107872 32.697036
3000 3 53689929 -117.108935 32.696904
2800 2 56347147 -117.107571 32.696701
3295 3 57068439 -117.077146 32.733184
2795 2 56347150 -117.107831 32.697036
2050 2 27828041 -117.095646 32.716855
2300 2 53130024 -117.078069 32.723399
3050 3 58826849 -117.105659 32.690772
3295 3 59033629 -117.107571 32.696701
4200 3 57977868 -117.086895 32.715067
2800 2 57317668 -117.094428 32.7106
1450 0 58899866 -117.076987 32.684176
2195 1 56478249 -117.028502 32.68181
5000 3 60296309 -117.023318 32.65699
4000 3 60176736 -117.052329 32.636038
4300 3 60130539 -117.013828 32.627132
2779 2 39863172 -117.027161 32.681447
3000 3 59820362 -117.040298 32.627488
2324 1 25251672 -117.03493 32.628771
1900 1 55473870 -117.055093 32.647455
1800 1 58924549 -117.0616 32.6378
4095 3 59833821 -117.010085 32.667011
1950 2 60276234 -117.056999 32.681869
1775 0 60317002 -117.053025 32.673848
2800 2 60311740 -117.036884 32.678469
4750 4 60307664 -117.009049 32.650253
3295 3 60297883 -117.045314 32.679244
2750 2 60297874 -117.070126 32.678252
4800 3 60297491 -117.052666 32.680395
2400 2 57982125 -117.073448 32.634919
2200 2 60295071 -117.068662 32.674532
2050 1 56489866 -117.075067 32.642579
4095 4 59697538 -117.019025 32.669556
2695 2 57573924 -117.074646 32.66598
2750 2 60293620 -117.070049 32.637522
1995 1 56476311 -117.075108 32.638292
1900 1 56322868 -117.036078 32.66118
3100 3 60216434 -117.005387 32.632041
1450 1 56852042 -117.0479 32.6797
3233 3 57891309 -117.073479 32.669746
4600 3 60108225 -117.056999 32.635436
2800 2 60273410 -117.047366 32.640665
1795 0 60167509 -117.069748 32.667011
1995 1 55912201 -117.074193 32.63586
1885 1 58053947 -117.074025 32.634692
3500 3 60250315 -117.062379 32.633422
6500 4 60248423 -117.016768 32.671252
2195 1 49751919 -117.039389 32.674717
1745 1 60216969 -117.053739 32.674306
8800 4 51328933 -117.035423 32.645813
3800 3 59725995 -117.067331 32.674852
4445 4 59848322 -117.074435 32.651188
1995 1 57647016 -117.023298 32.663261
2395 2 60049446 -117.038331 32.675244
5500 4 60047060 -117.011042 32.654552
6500 5 60029738 -117.072383 32.65031
1900 1 60028485 -117.030109 32.68028
4195 3 59902941 -117.036409 32.626463
3900 4 56323299 -117.069118 32.635108
3000 2 59440049 -117.044441 32.67617
5500 4 58514840 -117.009822 32.669897
6000 5 58136221 -117.02151 32.652102
4000 4 57765719 -117.008864 32.63233
3950 3 48392154 -117.048646 32.645827
3700 2 60323121 -117.049961 32.691232
6570 1 59875350 -117.063688 32.70803
3000 3 60036371 -117.046314 32.739454
3600 3 60036369 -117.046314 32.739454
2050 2 57624091 -117.012129 32.736148
1600 1 60119615 -117.062843 32.690109
1995 1 55430430 -117.025648 32.698473
3700 3 59192874 -117.024252 32.690874
1275 1 58478943 -117.03961 32.734472
3388 3 59968306 -117.073435 32.715839
1825 2 60325425 -117.030601 32.735638
4295 7 46542858 -117.022123 32.702231
3300 3 60322652 -117.044961 32.736016
2950 3 60025607 -117.04172 32.737788
1840 1 56958366 -117.0332 32.7355
2395 2 60320470 -117.012991 32.730875
3295 3 60243942 -117.01088 32.7335754
4950 5 60295364 -117.066662 32.713577
5995 7 48547246 -117.025833 32.733528
4350 4 55062281 -117.062173 32.701879
2527 2 57436478 -117.048087 32.686136
2179 2 57436490 -117.004391 32.71982
1545 0 59954631 -117.028921 32.728579
2300 2 55473640 -117.006379 32.714417
2100 2 56945913 -117.058636 32.71125
3795 3 60268233 -117.013248 32.700195
1400 0 59873577 -117.017471 32.69927
1900 2 60110809 -117.017346 32.699496
2495 2 55442870 -117.043768 32.68902
1925 2 58562251 -117.004633 32.718112
1999 2 56722836 -117.058222 32.707195
3695 3 60265583 -117.057766 32.736676
2395 2 60264911 -117.074964 32.700643
2800 3 60262933 -117.043314 32.708638
3975 5 60243662 -117.067059 32.717808
4200 3 60242217 -117.004439 32.700767
3695 3 60022984 -117.055298 32.706922
3700 3 59564296 -117.071082 32.7176
3195 2 59718579 -117.035589 32.725026
1910 1 57436491 -117.004391 32.71982
1799 1 57436477 -117.048087 32.686136
2550 2 60141694 -117.035527 32.727256
2499 2 50707372 -117.048952 32.739299
2799 2 51942858 -117.048952 32.739299
2299 1 50745775 -117.048952 32.739299
3600 3 60081110 -117.046314 32.739454
3000 3 60080945 -117.046314 32.739454
2450 3 59446426 -117.060927 32.723079
3395 3 60034730 -117.060718 32.725885
2150 0 57699181 -117.005789 32.732201
3995 4 59932183 -117.006732 32.734575
3100 2 59737647 -117.009108 32.73791
2295 2 59568065 -117.008299 32.737284
3695 3 59747486 -117.023238 32.69584
2000 0 56923896 -117.028797 32.701199
3900 3 57251542 -117.052814 32.683578
2650 1 60323627 -117.143365 32.742998
2495 2 60001840 -117.144084 32.75074
2900 2 60025577 -117.134945 32.744523
2195 1 58185875 -117.141836 32.753493
2495 0 54758473 -117.13783 32.748865
2580 1 58442617 -117.13783 32.748865
4650 2 59875548 -117.144799 32.745069
1850 1 56460650 -117.132142 32.750731
1650 0 56469024 -117.136054 32.751316
2395 2 59672811 -117.140409 32.751725
2050 1 58507006 -117.144424 32.746621
2600 1 51437840 -117.131133 32.750703
2745 1 59594357 -117.145341 32.75156
2295 1 57211665 -117.137175 32.750799
2725 1 60251037 -117.142682 32.745163
2200 1 60322127 -117.136066 32.749778
1895 0 60097217 -117.137224 32.752637
3995 2 57161681 -117.146638 32.746651
2350 1 59297754 -117.139846 32.742423
2600 2 58491754 -117.14535 32.752731
3100 2 51704054 -117.14462 32.747012
3995 2 60307635 -117.135953 32.74702
2795 2 60298139 -117.132812 32.741094
3695 3 59062425 -117.131033 32.752669
1850 1 59856271 -117.144132 32.745931
2100 1 55904064 -117.145424 32.741444
1800 1 59480316 -117.136592 32.750731
1995 1 59856272 -117.134869 32.747854
2795 2 57610521 -117.147132 32.74375
2200 1 59844107 -117.133503 32.749879
2950 2 58564775 -117.141968 32.745765
2145 1 56920787 -117.131033 32.752452
2350 1 58383801 -117.131748 32.751572
1850 1 57894777 -117.135884 32.749532
3275 2 60048203 -117.13983 32.744312
2250 2 58119416 -117.139086 32.751345
1945 1 55472555 -117.142859 32.745462
2795 2 60262183 -117.139175 32.753669
1995 1 56745541 -117.142943 32.744679
2200 2 57822450 -117.135116 32.749383
2400 2 60005761 -117.140926 32.750755
2195 2 60087987 -117.146512 32.749474
1595 0 58651737 -117.145417 32.746666
2200 1 58910299 -117.147335 32.749817
2295 1 56571480 -117.144915 32.753588
1695 1 59686177 -117.145283 32.743565
4095 3 59297543 -117.144093 32.752673
2800 2 55740787 -117.142859 32.749236
2295 2 60264676 -117.132989 32.75001
2195 1 56473731 -117.129802 32.751345
3895 2 53112384 -117.136022 32.747865
4200 2 60237150 -117.138218 32.745049
2495 1 60230831 -117.129794 32.749614
3500 2 60199815 -117.139337 32.750128
3295 2 60166976 -117.144598 32.746082
2095 1 59992327 -117.131033 32.753474
4300 1 59491574 -117.1467 32.747976
2995 2 60130111 -117.146465 32.743954
3495 2 39858380 -117.1397799 32.7513343
2250 1 60001849 -117.144612 32.747261
2100 1 59833273 -117.13351 32.75278
2150 1 57624475 -117.14282 32.746699
2500 1 58986422 -117.143554 32.749493
2150 1 57930962 -117.131884 32.752755
2500 1 60026716 -117.13051 32.752921
2495 0 58265201 -117.129963 32.760171
1660 0 58679591 -117.145801 32.756474
1995 1 60323578 -117.130538 32.759629
2250 2 60098347 -117.136811 32.76494
2200 1 57573999 -117.137257 32.762135
1695 0 56339929 -117.146738 32.753869
2195 1 56548154 -117.131175 32.754768
3100 2 57610472 -117.140943 32.758604
2600 2 59139642 -117.138475 32.757088
2295 0 59365649 -117.141084 32.755807
2400 0 53826872 -117.145801 32.756474
2295 1 58067129 -117.131784 32.763819
2550 1 58564380 -117.133175 32.754237
2450 2 59844056 -117.139586 32.762403
1995 2 59453835 -117.136723 32.760275
2950 2 60322876 -117.131784 32.760348
2495 2 57709119 -117.134773 32.760143
1995 1 60117829 -117.139556 32.754389
2550 1 60150558 -117.143044 32.75421
2050 1 60298933 -117.143493 32.753872
1900 1 60298708 -117.138475 32.756389
4095 3 60298707 -117.135388 32.757869
2295 1 57095709 -117.146003 32.759537
2895 2 60297339 -117.147132 32.758226
2250 2 57595333 -117.131048 32.754604
1795 1 56888178 -117.129485 32.759434
2500 1 60026602 -117.134249 32.755996
2625 2 56606716 -117.141659 32.756656
2100 1 60294075 -117.14039 32.756829
2195 1 59932212 -117.140548 32.757175
2550 1 55650900 -117.130538 32.758522
2045 0 56340723 -117.136608 32.756921
2295 1 58498773 -117.133541 32.760424
2395 1 56459425 -117.12937 32.754598
2495 1 55433463 -117.138464 32.75489
1895 1 56488713 -117.144313 32.761359
1800 0 56489659 -117.146493 32.761897
2595 1 58400899 -117.132905 32.756555
1750 0 56478686 -117.14535 32.757996
2150 1 59426385 -117.138475 32.762473
2500 1 60276805 -117.134249 32.755996
4595 3 58566993 -117.141874 32.754883
2045 1 56476689 -117.147132 32.757944
2195 1 56535570 -117.147214 32.761154
2095 1 60265859 -117.145895 32.758772
1845 1 59981040 -117.135997 32.756128
2150 1 60067312 -117.140943 32.758114
3300 2 59842459 -117.137871 32.764873
3295 2 60262378 -117.140454 32.759389
4400 3 60261469 -117.133013 32.759466
2195 1 60252286 -117.136013 32.760275
4695 3 60079936 -117.134169 32.764241
1895 1 60239610 -117.137257 32.760545
2950 1 60144821 -117.129856 32.764483
2100 1 59932195 -117.140138 32.756772
2650 2 60130525 -117.141668 32.758389
2390 2 60125984 -117.145378 32.759428
1895 1 58916596 -117.131773 32.758446
1895 1 58900009 -117.131773 32.758446
2295 1 59813734 -117.147132 32.760379
2350 2 58913818 -117.138475 32.761473
2695 2 59932213 -117.138464 32.753755
2195 1 59932206 -117.14039 32.756829
2550 1 59436377 -117.132309 32.75956
2350 1 57202830 -117.133022 32.761956
2800 2 58705915 -117.137351 32.754604
3475 2 56883681 -117.144649 32.756907
1995 1 56498452 -117.145926 32.761804
2745 1 58955757 -117.126811 32.751768
6570 2 59874452 -117.119279 32.745675
2095 1 56527439 -117.120152 32.750316
2048 1 56895578 -117.120333 32.747006
2800 2 60125157 -117.123626 32.746582
2600 2 60150550 -117.115329 32.751972
2175 2 59245806 -117.122303 32.750689
2299 2 60141888 -117.119712 32.747295
2700 2 60323602 -117.128596 32.751883
2495 2 58944050 -117.122286 32.746917
2349 2 57610614 -117.111523 32.748713
1845 2 59537052 -117.113965 32.750604
1995 1 56246363 -117.115177 32.75301
1995 1 59808734 -117.1152 32.750402
2095 1 60298169 -117.123179 32.746854
2100 1 56734448 -117.126856 32.749493
2395 2 60296026 -117.126811 32.752944
2395 1 57897508 -117.129286 32.751483
2095 1 59269711 -117.127474 32.74757
3475 3 60293625 -117.12852 32.740651
2195 0 58869776 -117.126696 32.748727
3295 3 55533444 -117.113474 32.748839
2350 2 56489059 -117.119628 32.751172
2250 2 60053862 -117.127329 32.750807
2295 2 56458314 -117.114706 32.749012
2200 0 56468736 -117.127464 32.747976
1745 1 60076092 -117.116412 32.752513
3200 3 29249628 -117.11886679999998 32.7455878
2995 2 60107786 -117.121113 32.743174
1650 1 59568048 -117.118495 32.750656
2450 2 59593961 -117.128043 32.751066
1795 1 60087983 -117.11815 32.750327
2295 2 56560162 -117.112212 32.750588
2350 2 59480255 -117.126082 32.750572
2287 2 58826818 -117.11159 32.752755
1750 1 58605264 -117.117668 32.752513
2195 1 58777658 -117.125566 32.75121
2695 1 60265130 -117.126082 32.751834
2595 2 58500732 -117.128043 32.749068
3150 1 56450329 -117.12819 32.748709
2350 3 59941811 -117.119424 32.747833
3095 2 60249993 -117.127333 32.752466
3750 2 60248854 -117.129271 32.749699
2100 2 60238704 -117.116469 32.748518
3100 2 60217404 -117.11533225613032 32.75134764403432
4100 2 46573081 -117.119728 32.7431
3300 2 56792222 -117.12672 32.752039
2395 2 60001701 -117.121152 32.744741
1995 1 59964534 -117.125574 32.753358
1450 0 60322012 -117.119785 32.747765
2750 1 60322285 -117.124901 32.765762
2550 2 58950062 -117.118785 32.759325
3150 2 60239182 -117.1234 32.7623
2695 2 60151075 -117.115956 32.75956
6400 2 59874438 -117.123203 32.755464
1895 1 57397470 -117.114679 32.763018
2295 1 59079532 -117.119866 32.763926
2395 2 60025349 -117.121459 32.760707
2195 1 57238796 -117.122696 32.764956
1600 1 57006176 -117.129019 32.763143
1625 0 56481269 -117.128179 32.758872
1795 0 55941121 -117.123361 32.763122
1795 0 56325394 -117.125299 32.760862
2200 1 56852031 -117.125303 32.759755
1696 1 58524244 -117.117269 32.761824
1850 1 60076555 -117.126679 32.764464
2499 2 59559904 -117.128241 32.759799
2000 2 60125206 -117.127347 32.75601
2450 2 60175670 -117.127402 32.753907
2595 1 45366647 -117.127963 32.757755
2595 2 60311742 -117.119123 32.76288
2550 2 60311739 -117.115242 32.757179
2795 2 59785803 -117.120333 32.762646
2795 2 59785806 -117.120333 32.762512
2390 2 57408475 -117.11385 32.758249
2300 2 60001857 -117.124259 32.760171
1950 1 60299373 -117.115439 32.760721
1860 1 57357149 -117.11385 32.758249
1800 1 57301518 -117.127179 32.753834
2200 1 55470984 -117.116965 32.764992
3600 2 55132412 -117.123104 32.760171
2095 1 56333889 -117.125143 32.765261
2200 2 56454957 -117.117584 32.754181
1795 1 58437180 -117.118244 32.755629
1925 1 59833076 -117.114395 32.756299
2495 1 45349240 -117.123626 32.762254
3700 3 60205855 -117.114911 32.758669
2195 2 59033768 -117.117561 32.761254
1795 1 60087984 -117.113164 32.759525
2295 2 60087985 -117.113162 32.759566
2150 2 60087986 -117.116642 32.765029
2895 2 60268989 -117.124202 32.7642
2395 2 56477735 -117.129329 32.762503
1925 0 59925831 -117.125202 32.757725
2695 2 59312981 -117.111768 32.756271
2100 2 59125923 -117.122566 32.760715
2200 2 60076383 -117.113939 32.75656
2395 1 45366653 -117.115891 32.764578
3200 1 46559042 -117.126669 32.765379
2000 1 60256940 -117.117162 32.757872
2150 2 60187678 -117.113251 32.763986
2300 1 45688687 -117.115512 32.763601
2300 1 60240285 -117.115512 32.763601
2500 1 60238027 -117.122157 32.755427
3200 1 60237204 -117.117133 32.754513
2795 2 59876163 -117.117162 32.757872
2995 2 60216970 -117.115029 32.754537
2600 2 60216971 -117.115029 32.754537
2695 1 59979145 -117.11265 32.758834
2450 2 59964223 -117.115712 32.763512
2200 2 59776993 -117.116584 32.757604
8900 4 59663710 -117.11659 32.756604
4000 3 57085891 -117.114512 32.754058
1895 1 60150491 -117.113889 32.762392
2250 1 60108979 -117.117238 32.760424
1850 1 60080316 -117.126651 32.76468
2895 2 58002524 -117.119086 32.765
2895 2 59785805 -117.120333 32.762512
2150 1 57681440 -117.111939 32.762679
1550 0 59773965 -117.125299 32.760601
1445 0 60000741 -117.121444 32.75856
1445 0 59980305 -117.121444 32.758699
1795 1 58563636 -117.117576 32.756049
2700 2 59367758 -117.120347 32.761693
2535 1 53195908 -117.12958 32.777529
2679 1 53531605 -117.132773 32.778446
2558 1 53938059 -117.141874 32.774206
5260 3 59875644 -117.126039 32.794482
13200 3 59875464 -117.120163 32.786264
3280 1 58680177 -117.1246 32.7819
3490 2 58444181 -117.133345 32.777369
3435 2 53883548 -117.141874 32.774206
2130 1 59244213 -117.123999 32.795245
3500 2 60307621 -117.142198 32.771952
2950 2 60298558 -117.142198 32.771952
2895 2 59926958 -117.142 32.7738
2500 1 60013033 -117.134309 32.777748
3200 2 60252303 -117.142198 32.771952
2745 2 60125177 -117.142198 32.771952
6750 4 60230713 -117.114612 32.769527
2500 1 60225486 -117.112195 32.78771
3495 2 60204800 -117.131669 32.786687
4500 3 60086245 -117.129879 32.786436
1950 1 59388927 -117.112512 32.782009
3900 3 60167939 -117.140118 32.789958
2050 1 60107729 -117.112296 32.782888
3000 0 58991998 -117.114889 32.770649
5100 3 59205407 -117.1453 32.7801
3695 1 59493068 -117.142638 32.781958
10000 4 57983350 -117.145 32.7815
2695 1 56481620 -117.106995 32.762594
2195 1 60088002 -117.099897 32.757555
5490 2 59875605 -117.106839 32.762807
2288 2 57634269 -117.093931 32.757699
2045 2 59392352 -117.099578 32.744444
3325 2 59954664 -117.108326 32.760034
1895 2 59510827 -117.106102 32.752002
2195 2 53765019 -117.0945 32.74
2395 2 56491742 -117.096112 32.758446
1950 1 58923888 -117.105043 32.75995
1875 1 60322779 -117.105464 32.748412
2050 1 56518512 -117.09987 32.758299
1750 1 60322014 -117.105819 32.745236
3200 3 60087879 -117.106238 32.745217
1950 0 60087880 -117.10582 32.74513
2395 2 52964915 -117.093924 32.758452
1800 1 55589296 -117.107778 32.752345
1995 1 60299300 -117.095215 32.748709
1745 1 60014057 -117.099581 32.743559
1850 1 59171317 -117.097644 32.743778
1550 1 60293517 -117.10286 32.750641
1695 1 56558595 -117.096248 32.752834
1650 1 57088533 -117.10243 32.745326
3150 3 60256186 -117.111153 32.756522
3750 3 60283481 -117.102699 32.757537
1995 1 56790907 -117.108275 32.763698
1800 1 60216062 -117.105822 32.754377
2695 2 56326577 -117.107914 32.758325
2500 2 56474627 -117.096897 32.753829
2295 2 56722835 -117.105422 32.741559
1750 1 60276251 -117.10654 32.752768
2695 2 59831859 -117.099459 32.757972
1695 1 58913701 -117.106133 32.745765
2450 2 59942330 -117.111133 32.760693
1895 1 59440539 -117.105519 32.759132
2200 2 60256300 -117.102457 32.746882
2595 3 60177132 -117.096258 32.750996
3795 3 60251896 -117.111228 32.739557
6995 4 54852705 -117.0993448 32.7658537
2300 2 59907711 -117.105519 32.759132
5000 3 59119614 -117.108078 32.762715
2400 2 55731695 -117.10695 32.748742
2400 2 50721213 -117.098774 32.752457
4850 4 47256519 -117.102689 32.759389
3825 2 58699031 -117.096316 32.746309
1875 1 59969377 -117.110092 32.756829
2100 1 56265893 -117.103319 32.754226
2100 1 59116900 -117.103187 32.754088
2300 2 59511568 -117.107464 32.756103
1850 1 60240018 -117.095363 32.75721
1645 0 56248165 -117.092543 32.757966
2295 2 57137804 -117.082192 32.759799
1795 1 58562972 -117.082219 32.758377
2195 2 56571550 -117.089742 32.757302
1799 1 59417653 -117.091459 32.753772
2350 2 59833067 -117.07577 32.759285
2595 2 58241732 -117.079689 32.765439
2595 2 59649309 -117.081861 32.75589
2595 3 57688628 -117.086666 32.748423
1745 1 60216331 -117.083921 32.755302
2216 2 58974075 -117.076931 32.748518
2000 1 51474588 -117.084387 32.756474
1925 1 59876078 -117.086514 32.758145
1995 1 56455044 -117.080636 32.759474
1930 0 50198884 -117.084347 32.767678
1750 0 56316077 -117.090428 32.750299
1695 1 60297661 -117.081219 32.756452
1695 1 59210959 -117.077336 32.759799
2675 2 60293861 -117.082203 32.761318
1695 1 58804369 -117.084425 32.753325
1695 1 59661362 -117.084425 32.753325
1650 0 58289972 -117.084425 32.753325
1800 1 59774488 -117.08962 32.755114
1800 1 59964596 -117.089268 32.758049
2195 2 58501660 -117.084955 32.759434
2332 2 23225056 -117.093063 32.747998
1999 2 8773221 -117.093062 32.747998
1795 1 58118194 -117.089742 32.757164
1699 1 56601232 -117.085542 32.747741
1850 1 60238806 -117.082242 32.746699
1795 1 59341721 -117.084359 32.759921
2195 2 57587097 -117.085207 32.750936
1895 1 59965655 -117.084969 32.758611
1895 1 55429250 -117.090886 32.750637
2095 0 60125841 -117.092647 32.761415
1899 2 56469559 -117.086274 32.747839
2575 2 60205816 -117.082299 32.759907
1650 1 57547762 -117.088274 32.74996
1750 0 56316079 -117.09087 32.751966
2850 2 60276301 -117.08445 32.76073
2300 2 59683985 -117.092596 32.747998
1895 1 60002398 -117.090391 32.752508
1500 0 56475315 -117.092143 32.740456
2150 2 58665983 -117.083281 32.758389
1995 1 57268731 -117.08388 32.759249
2744 2 60267567 -117.089742 32.757413
1895 1 54672338 -117.087163 32.753413
2395 2 52595747 -117.084973 32.760975
1750 1 60076093 -117.083281 32.759251
3995 3 60025627 -117.077652 32.742098
1799 1 14629359 -117.0873103 32.7469079
2700 2 60089333 -117.078887 32.760473
3500 3 60205325 -117.084972 32.757855
1800 1 58675104 -117.089044 32.758012
2195 1 60152821 -117.083524 32.757968
2995 3 59128526 -117.090349 32.757428
3400 3 60111797 -117.077524 32.740279
1395 0 56197959 -117.079025 32.764227
2195 0 60036969 -117.087542 32.762323
2850 2 57378817 -117.077235 32.752508
2695 2 59694699 -117.083986 32.753299
2100 2 48834356 -117.091258 32.7481
1195 0 56060759 -117.079025 32.764227
2695 2 59712680 -117.083986 32.753299
1790 1 10780886 -117.080153 32.755413
4900 3 48060876 -117.079887 32.765367
3000 2 57926939 -117.079684 32.765481
1295 0 56454661 -117.08023 32.747547
2525 1 53195844 -117.107466 32.795032
2395 1 59144312 -117.096248 32.787363
3645 3 59918337 -117.075982 32.771488
3390 2 58728994 -117.099489 32.785853
3400 1 58778427 -117.101422 32.786708
2349 2 59833607 -117.109163 32.785701
2200 1 55429076 -117.09675 32.784372
1900 1 56481271 -117.097037 32.78953
3295 3 59780003 -117.107708 32.78898
3000 2 59987972 -117.087192 32.768367
1700 1 60309959 -117.109163 32.785701
4750 4 58224249 -117.080121 32.769446
2800 2 53472806 -117.079729 32.781436
2295 2 58457403 -117.096333 32.788019
5700 4 58349906 -117.082041 32.773607
5500 4 60276279 -117.084802 32.776748
7500 5 57593616 -117.084307 32.775901
2295 2 56454958 -117.083274 32.782234
5700 4 56400703 -117.082346 32.773608
8800 7 59583485 -117.080015 32.768862
6200 4 55107261 -117.078303 32.77023
2600 2 60251481 -117.080986 32.780998
4500 2 60237177 -117.109163 32.785701
9400 7 60214238 -117.075509 32.769261
5500 4 59320765 -117.086144 32.778849
4500 3 59457585 -117.094351 32.784907
3000 1 59558866 -117.111269 32.781998
10800 8 56817317 -117.08456 32.775924
10800 0 56816956 -117.08456 32.775924
6850 4 59527792 -117.078601 32.769627
2235 2 60107061 -117.110153 32.788347
2700 2 60075702 -117.109163 32.785701
2945 3 59574868 -117.109163 32.785701
4195 3 60036701 -117.082438 32.774338
9300 7 60036654 -117.079229 32.767992
6600 4 59230658 -117.075657 32.769076
1995 1 59880299 -117.107764 32.783404
10700 6 59285268 -117.075861 32.770008
10700 6 59269812 -117.075676 32.770008
1995 1 59862983 -117.107764 32.783404
2550 2 60002022 -117.106689 32.769911
5800 4 56343320 -117.079936 32.769991
9300 7 59213581 -117.083122 32.771052
6300 4 51703805 -117.083395 32.771019
7600 5 48450293 -117.082758 32.775171
3000 2 59246429 -117.075448 32.771968
2318 0 51456918 -117.138192 32.826799
2750 1 57916830 -117.116668 32.796988
3309 0 36946974 -117.117162 32.813386
2699 1 56776155 -117.141439 32.808871
2441 1 39863845 -117.089742 32.838146
2588 1 39863250 -117.120113 32.803472
2500 2 56448052 -117.143774 32.805266
3250 2 60322672 -117.082514 32.841195
4350 3 60322245 -117.0999 32.8237
2605 0 58011620 -117.140076 32.827083
4995 5 56034253 -117.101966 32.836297
4200 3 60307655 -117.080504 32.825396
2500 1 60307656 -117.08015 32.825304
2150 2 60067571 -117.128202 32.803522
5855 4 59848536 -117.120019 32.799318
8800 3 55651123 -117.079812 32.802922
2350 1 60251830 -117.129702 32.806784
2531 1 60250035 -117.124004 32.804221
3300 2 60141838 -117.096699 32.834727
8500 4 57692081 -117.080666 32.803082
3499 2 56217962 -117.131066 32.806295
8400 4 55855750 -117.080709 32.802433
3150 3 58652032 -117.12852 32.808505
4195 3 60012705 -117.116365 32.79874
2350 1 59844835 -117.141915 32.803183
5800 4 56600456 -117.064961 32.766054
5100 3 59117669 -117.064818 32.766197
1895 1 56244917 -117.047138 32.766289
3295 2 59559482 -117.043524 32.750377
2895 2 55447023 -117.0699 32.7601
1895 1 55471539 -117.039686 32.74557
2500 2 59644094 -117.0426 32.767464
3595 3 57047531 -117.051964 32.763824
2500 2 58861281 -117.058907 32.764093
5995 5 60099059 -117.064822 32.754428
2395 2 60298294 -117.052403 32.749782
1595 1 56993799 -117.074369 32.748379
2150 1 55876671 -117.072668 32.748113
3500 2 60294427 -117.043138 32.747174
1450 1 58754110 -117.051146 32.746399
2300 2 56486769 -117.046517 32.767483
1845 1 56559180 -117.073808 32.749012
2270 1 8649836 -117.065346 32.762689
2795 4 36724882 -117.051514 32.761578
2199 2 57357626 -117.059864 32.746476
2200 1 55901074 -117.046628 32.74557
2900 2 60204226 -117.0619 32.756703
1695 0 60276496 -117.06743 32.758699
1695 1 55918118 -117.05691 32.745608
1845 1 56244349 -117.047353 32.746139
2295 2 59448681 -117.058891 32.764379
2150 1 56546340 -117.072202 32.747217
2700 1 60176154 -117.063067 32.758028
1868 1 59932194 -117.062871 32.761323
1300 7 58129560 -117.064023 32.767545
1995 1 58173740 -117.05779 32.75556
4750 4 60216498 -117.0627 32.766392
5000 3 54118240 -117.064118 32.765392
3300 3 53243375 -117.064524 32.748261
3500 3 59920306 -117.050666 32.743312
9400 6 56535598 -117.065843 32.766859
3575 3 59863210 -117.046399 32.756844
3525 3 56889596 -117.05844 32.759389
2500 2 60205226 -117.068871 32.759333
5800 4 58084544 -117.064961 32.766054
5100 3 59143982 -117.064818 32.766197
4300 3 59541149 -117.072049 32.76055
3200 3 60079125 -117.063756 32.756466
2795 3 44234067 -117.0688354 32.7448573
4690 4 58967261 -117.055864 32.766663
4495 5 47070714 -117.073965 32.765834
1300 1 58754098 -117.055128 32.753153
4495 3 54310487 -117.05779 32.75556
3650 3 59822839 -117.051146 32.746399
5700 4 56594948 -117.062978 32.765543
5950 4 58207543 -117.0699 32.7601
5750 4 56594946 -117.062403 32.76524
6150 4 59527718 -117.063534 32.767721
6000 4 57056206 -117.063756 32.765715
7400 5 59339194 -117.071082 32.766762
9000 7 59267581 -117.061059 32.765762
5800 4 59798224 -117.059381 32.767859
6300 4 56594956 -117.062818 32.766715
5800 4 56598180 -117.063604 32.767501
5000 4 59798188 -117.065786 32.748434
4900 4 59798186 -117.065772 32.748398
6700 4 59117539 -117.063198 32.767367
5650 4 56594944 -117.061799 32.766626
8600 6 59214299 -117.072005 32.766118
8500 6 59103231 -117.063198 32.766261
2050 0 57085809 -117.070838 32.761298
6645 4 47773725 -117.063497 32.766962
2350 2 59557902 -117.046712 32.740259
2950 3 53426226 -117.066183 32.74875
3695 3 59440721 -117.051951 32.756316
2950 3 56343314 -117.043539 32.74857
6200 4 59798223 -117.059766 32.767679
10500 6 59214300 -117.061164 32.765862
8000 5 59214303 -117.062327 32.767392
2675 2 55118219 -117.074859 32.757837
9450 7 55634795 -117.06964 32.766797
11500 10 59823055 -117.063142 32.76608
2985 3 55068871 -117.064156 32.751114
3500 3 53242495 -117.042974 32.754474
2795 3 48600084 -117.06878 32.74496
1895 1 56454167 -117.055985 32.768442
1650 0 58233618 -117.062751 32.77286
1985 2 56459639 -117.041544 32.769162
2195 1 59477251 -117.041351 32.77876
2595 2 60076406 -117.063562 32.77007
2204 1 57436474 -117.058468 32.768315
2895 2 60204595 -117.049981 32.769456
1950 0 55431106 -117.042698 32.771617
3700 3 60320748 -117.042631 32.770701
1675 1 60067570 -117.057174 32.768056
2050 1 56527825 -117.040012 32.770653
2350 2 60298447 -117.051213 32.769062
1800 1 60298430 -117.056937 32.770568
8500 6 58029232 -117.063164 32.767897
3500 3 59836054 -117.051222 32.775653
5700 4 56601235 -117.059205 32.769431
6000 4 59214217 -117.062671 32.771686
7200 4 59174941 -117.074587 32.768545
6800 4 59214197 -117.068092 32.769104
5700 4 56601239 -117.061326 32.771684
2330 1 8357364 -117.056617 32.768562
2295 2 56459945 -117.061136 32.784058
7200 6 58375094 -117.05971 32.773313
4821 3 57436476 -117.058468 32.768315
3150 3 59826076 -117.041901 32.770697
1845 0 52169138 -117.058201 32.777443
5800 4 60097999 -117.05665 32.771373
2350 2 57671193 -117.040682 32.768181
11000 7 59763525 -117.05965 32.769845
3150 3 55913990 -117.074917 32.772849
5800 4 56295868 -117.061888 32.771152
6750 5 56184930 -117.056666 32.77154
4550 3 60254462 -117.041961 32.769601
3195 2 59993132 -117.041942 32.769801
2995 2 59993131 -117.041984 32.7698
3995 4 59843609 -117.051607 32.777244
4095 3 59809973 -117.054514 32.775369
2295 2 56534888 -117.050222 32.775112
3950 3 60143756 -117.041974 32.770187
6500 4 60153288 -117.066961 32.769018
3300 3 60142502 -117.064379 32.769093
6150 4 59686193 -117.060164 32.770584
5200 3 59527824 -117.058399 32.769789
5800 4 59527825 -117.058233 32.769711
6100 4 59808389 -117.058403 32.773591
6300 5 56322688 -117.057174 32.769758
6200 4 59738740 -117.062597 32.773649
7250 5 59267457 -117.062559 32.772029
7800 5 59214304 -117.058788 32.769227
5800 4 56594950 -117.059382 32.76793
5850 4 56601236 -117.059566 32.769498
6450 4 56600559 -117.063079 32.769619
5750 4 56600558 -117.058907 32.769632
5000 3 59104128 -117.059356 32.76894
5900 4 59214194 -117.059233 32.768819
6200 4 56598182 -117.062793 32.770454
5700 4 56598183 -117.062809 32.77021
6550 4 56601240 -117.059431 32.769819
6000 4 59104000 -117.061164 32.771463
10400 7 59339286 -117.073154 32.769261
11100 8 59338552 -117.072154 32.769261
9500 6 59285269 -117.074093 32.768797
6800 6 59267458 -117.054425 32.770488
8000 5 59103997 -117.0639 32.771244
1700 1 59313384 -117.047738 32.767926
2685 2 56794635 -117.049285 32.772184
3126 3 59062371 -117.042409 32.770649
6000 4 58449192 -117.063136 32.769318
6900 5 55591264 -117.064035 32.76908
2595 2 53573026 -117.043026 32.769239
9300 7 59646754 -117.061067 32.771584
7000 5 59736333 -117.062035 32.771584
6200 4 56746353 -117.064724 32.772255
9500 7 59750032 -117.06543 32.772814
15500 10 59298640 -117.065445 32.771083
3800 3 59125916 -117.042712 32.775617
4650 3 56601237 -117.061176 32.772225
9750 7 56644140 -117.061393 32.770338
5600 4 56197904 -117.063407 32.768175
5100 4 54918031 -117.060026 32.772917
1995 1 55731748 -117.0565 32.771335
6000 5 53863094 -117.060346 32.772887
5400 4 56184931 -117.056502 32.771383
7700 6 48747516 -117.060415 32.770068
10500 8 48112580 -117.067389 32.76873
8200 6 48450292 -117.062597 32.773952
1150 1 60251279 -117.050222 32.775112
2395 1 56471365 -117.015133 32.757377
3275 2 56448726 -117.031155 32.76796
2095 1 56606520 -117.00384 32.791443
2688 3 59157585 -117.034357 32.769527
2375 1 55753320 -117.03561 32.778463
2430 1 59143440 -117.027599 32.743098
1950 0 56425424 -117.013843 32.756755
2295 1 59256638 -117.014921 32.755377
1825 1 58362385 -117.016806 32.766804
1695 0 55445561 -117.034492 32.779809
1755 1 59594584 -117.033389 32.741261
1795 2 56462439 -117.038927 32.756972
2100 1 56475379 -117.011539 32.768804
2299 2 56480962 -117.004379 32.77307
2745 2 55432478 -117.021238 32.769367
2395 2 60215779 -117.034534 32.767601
1895 1 55471886 -117.011712 32.755493
2300 2 60034619 -117.032269 32.756807
2100 2 57196047 -117.004391 32.772052
2400 2 58828211 -117.035019 32.755717
1750 1 57159853 -117.03593 32.757132
2999 3 50625544 -117.013056 32.756555
2600 2 59721537 -117.0239206 32.7765622
2050 1 56958365 -117.029779 32.770094
3500 2 56453121 -117.034036 32.780196
2600 2 60025551 -117.013931 32.73958
2900 3 56631272 -117.022334 32.745438
1800 0 56469226 -117.036005 32.770068
2095 1 60172169 -117.004449 32.772609
3295 3 59984383 -117.014186 32.762473
2295 2 51313993 -117.031873 32.741335
1950 1 60298533 -117.03581 32.775152
2030 2 60294644 -117.035005 32.774697
1995 2 59415445 -117.024018 32.762819
1900 2 59213720 -117.034117 32.741752
2040 2 56468137 -117.031275 32.759088
2100 2 56483703 -117.032109 32.759369
2800 2 60239115 -117.035292 32.766588
2195 2 45516149 -117.032792 32.775038
2195 1 58040063 -117.021702 32.776982
4650 3 60217193 -117.019991 32.757834
2500 2 58572047 -117.0223 32.7751
2450 2 57536962 -117.024858 32.746191
4750 5 60141845 -117.028651 32.792878
2795 2 60277102 -117.031273 32.760158
1695 0 58039566 -117.033005 32.755907
2350 2 59645776 -117.037984 32.745699
5700 4 60108069 -117.009481 32.794211
1895 1 45547331 -117.033534 32.775029
1895 2 56547899 -117.004178 32.745217
4000 3 60266837 -117.017413 32.793353
2395 2 56231615 -117.027046 32.776251
2100 2 55936671 -117.004657 32.743082
3025 3 36107941 -117.033731 32.767721
4950 3 60254024 -117.029334 32.766315
4695 3 60252200 -117.006579 32.763594
2895 3 59753206 -117.028184 32.768031
1999 2 60248956 -117.027833 32.767926
1795 0 49176279 -117.023485 32.762527
2895 2 60240110 -117.036113 32.740309
3100 3 48613223 -117.019904 32.783359
3950 3 60230599 -117.0271 32.7474
1895 1 60216351 -117.03581 32.775152
2395 1 60205875 -117.004453 32.749954
3699 3 50309912 -117.013931 32.79117
4500 4 59675601 -117.018893 32.760306
4000 3 59547236 -117.017085 32.744503
2040 2 60070141 -117.031173 32.758685
3395 3 60047079 -117.024123 32.767992
2390 2 59844810 -117.035005 32.774697
5700 4 60111566 -117.009987 32.788151
3795 3 59833337 -117.019133 32.79117
2100 2 60101969 -117.031603 32.758988
1900 2 60099192 -117.033435 32.741762
3400 3 60097226 -117.02368 32.787372
2150 1 59877011 -117.012413 32.769934
2250 2 59405172 -117.032133 32.755413
2295 2 58512558 -117.036769 32.782853
2100 2 59798179 -117.004657 32.743082
2250 2 42376310 -117.034492 32.769261
3700 3 59295011 -117.028862 32.765859
6150 2 58511494 -117.006449 32.759128
3780 1 58511495 -117.006449 32.759128
2300 2 60307657 -117.026334 32.744683
1375 1 60295367 -117.022996 32.742573
2100 1 60274478 -117.023956 32.743699
1750 0 59762543 -117.003354 32.746954
2045 1 39864229 -117.01275 32.798509
1929 0 58064454 -117.066611 32.809756
1800 1 58827179 -117.012574 32.834289
2400 2 57087864 -117.003096 32.850577
1650 0 57044272 -117.027318 32.806639
2485 1 51421328 -117.038097 32.802522
2995 2 59396340 -117.069793 32.8079
2600 2 60251561 -117.056499 32.816989
2000 1 59779777 -117.06643 32.808681
2195 1 60001141 -117.026858 32.801416
4000 3 60099300 -117.069407 32.799685
3150 2 59808991 -117.024779 32.837637
2650 2 59337045 -117.036401 32.836104
1925 1 42309108 -117.011117 32.799999
4800 4 57755907 -117.047282 32.800619
