2275 2 60238754 -120.611871 35.121702
2150 0 55429331 -120.611712 35.124329
2600 1 57337209 -120.64 35.138454
2900 2 57272190 -120.626188 35.118365
3550 1 57882823 -120.666759 35.154198
2850 2 58719973 -120.613906 35.122176
2275 2 58207589 -120.6122 35.1023
2350 2 58488183 -120.686658 35.161424
2200 1 56964279 -120.635642 35.146299
1400 0 59807554 -120.615012 35.096662
2500 2 60320991 -120.623169 35.125821
4100 5 59981445 -120.626829 35.130434
3900 3 60296763 -120.611712 35.134592
2400 2 59480249 -120.6184 35.1202
2195 2 59888014 -120.615411 35.114793
1600 0 60203072 -120.631223 35.131142
2300 2 59955167 -120.613813 35.119395
1800 1 59955573 -120.6477 35.1479
3100 2 60241786 -120.603994 35.115074
3325 4 60239562 -120.627294 35.142895
2600 2 59665894 -120.59905 35.130659
2200 2 57547946 -120.59905 35.09844
2200 2 60214747 -120.610465 35.099515
3800 4 59592429 -120.606849 35.116033
5200 2 59585645 -120.676678 35.161315
3750 3 60153301 -120.603238 35.115512
2275 2 60151182 -120.600754 35.116689
5400 3 60107870 -120.676046 35.161362
3375 3 60089345 -120.614128 35.104899
1625 1 47341468 -120.601508 35.099301
1900 2 59539415 -120.601508 35.099301
6500 4 57910998 -120.676924 35.156472
5500 3 60023029 -120.632455 35.152718
2300 2 56843186 -120.629718 35.126096
4000 3 58865478 -120.683395 35.161042
4900 2 51116268 -120.671526 35.154851
8995 4 56851219 -120.711984 35.198692
5400 4 56462612 -120.653158 35.261207
4000 3 59564554 -120.650622 35.26005
2300 2 59030137 -120.642412 35.262258
2600 1 59736238 -120.658158 35.284598
2250 0 56311642 -120.655566 35.271452
4050 3 60098741 -120.650458 35.265207
2995 2 59750777 -120.6683 35.27869
1600 0 58111251 -120.683117 35.25557
1300 1 60255489 -120.660542 35.266622
1950 1 59798574 -120.652927 35.286156
3500 3 60325812 -120.6375 35.2564
8100 5 60325801 -120.65419 35.289916
649 5 56447944 -120.667779 35.296089
2800 1 59175299 -120.658098 35.268059
2150 2 58164088 -120.649469 35.260691
3500 2 60216402 -120.638419 35.250111
4400 3 60322274 -120.69815 35.258645
2050 1 56526703 -120.691545 35.255009
4500 3 59343958 -120.679482 35.241512
2550 1 60074654 -120.666435 35.271594
5000 4 56696016 -120.652399 35.293953
3300 3 59925807 -120.657831 35.26827
2550 2 56328839 -120.641159 35.26427
7950 4 60298851 -120.62387 35.217177
3150 2 59270714 -120.667406 35.273893
2100 1 56485785 -120.664688 35.294228
3800 3 59965889 -120.679001 35.257488
2300 1 56461589 -120.672668 35.295129
3000 2 55429330 -120.655298 35.277441
2150 0 55429238 -120.667213 35.277364
2700 1 57129108 -120.668162 35.278078
1950 1 59697301 -120.661492 35.274424
2600 2 56838454 -120.667281 35.282414
1850 0 56461590 -120.664919 35.294133
2100 1 53751342 -120.66983 35.269964
1895 1 56490631 -120.658863 35.287819
20000 12 60045255 -120.647 35.2545
2500 1 57224136 -120.651385 35.260806
1600 0 57613795 -120.668034 35.282201
2600 2 52409657 -120.648479 35.259889
2000 0 57385730 -120.676909 35.3004
2400 2 59512930 -120.639554 35.265221
2305 0 58905733 -120.646082 35.262227
3000 2 57312898 -120.654066 35.273153
4200 2 59925803 -120.658433 35.276084
1300 1 60267636 -120.660542 35.266622
2300 1 59723346 -120.672668 35.296934
2350 1 59737504 -120.661821 35.291116
1995 1 55917606 -120.642799 35.260373
3995 3 57719338 -120.637613 35.258869
3250 2 57684453 -120.665445 35.281042
3200 2 60263809 -120.668645 35.261262
1000 1 57274912 -120.644739 35.272954
3800 2 50598874 -120.627158 35.25906
2800 2 60229519 -120.649659 35.258993
9250 5 60223657 -120.655228 35.284201
3650 3 59938865 -120.704484 35.268245
1950 1 60205857 -120.664746 35.273149
3200 3 60025209 -120.677082 35.29155
2550 2 59876468 -120.649301 35.25906
1600 0 59446200 -120.683117 35.25557
4250 3 59918096 -120.700638 35.267262
3700 3 60125407 -120.650637 35.265045
3500 3 57124710 -120.688801 35.260548
3600 3 60088527 -120.645523 35.260556
3300 3 59685253 -120.67186 35.289872
2200 2 57134855 -120.642799 35.265618
6800 4 60066592 -120.67729 35.298462
6800 4 60066591 -120.677233 35.29867
4300 3 60047303 -120.650326 35.265548
3200 2 60016482 -120.649823 35.258427
2850 2 54063769 -120.65588 35.287074
11600 6 59980459 -120.657399 35.293378
2400 3 59955477 -120.667542 35.257845
4200 3 59876324 -120.648139 35.289134
2495 1 56346794 -120.665293 35.286293
3000 2 59298475 -120.707275 35.282291
2600 2 59821588 -120.640982 35.264539
2800 2 59801552 -120.649751 35.279068
3000 2 59832496 -120.642455 35.262539
6900 4 54826365 -120.651165 35.292446
5000 5 58553540 -120.634566 35.262859
1600 1 51452590 -120.675526 35.294624
6500 3 59724586 -120.578812 35.15072
4550 4 59526900 -120.595188 35.112474
3975 4 59514580 -120.576361 35.122123
1800 2 57276186 -120.590562 35.117189
2650 2 59968258 -120.564506 35.162246
2200 2 60150370 -120.579654 35.104831
2700 4 58996777 -120.5432 35.1195
