2875 2 60189520 -72.233388 43.637236
2875 2 58717189 -72.232033 43.636436
1625 2 56462238 -72.258104 43.642954
1595 1 60320798 -72.316139 43.662406
1700 1 58499024 -72.25539 43.643412
2250 2 59490956 -72.280262 43.643916
2800 2 60239495 -72.251049 43.636749
1900 1 59684747 -72.313809 43.682439
1845 2 58037027 -72.309446 43.677108
1600 1 59761143 -72.308079 43.646263
2300 2 59858344 -72.25306 43.648993
3400 3 58870329 -72.306827 43.648979
3500 3 59820861 -72.226958 43.640783
3100 2 58999683 -72.306175 43.648698
2850 4 60177385 -72.248691 43.657214
1700 2 60152788 -72.248151 43.660297
1525 2 50571903 -72.253726 43.644799
1500 1 59809176 -72.319962 43.641468
1600 2 49027159 -72.255558 43.646374
