2066 1 63998 -77.122618 38.802157
1561 0 37758357 -77.112371 38.828058
1875 1 27345571 -77.13751 38.817317
1595 1 29648994 -77.126669 38.832157
1780 1 32868689 -77.133066 38.820194
2130 0 33956671 -77.138419 38.817568
1535 1 29976440 -77.129167 38.82714
1795 1 29633865 -77.123929 38.823121
1665 1 53907923 -77.14182 38.807639
1398 0 54768451 -77.13118 38.823382
2750 2 60226161 -77.136905 38.808157
2270 1 58680101 -77.115965 38.831856
1719 1 57296099 -77.1071722 38.8182932
2428 2 58611911 -77.1146646 38.8333601
2275 2 60006023 -77.1242558 38.8157297
1398 0 57389265 -77.11621989999999 38.8334282
1535 1 51424975 -77.129167 38.82714
1555 1 51424980 -77.129271 38.825479
1853 2 57693506 -77.115106 38.827319
1645 1 51424987 -77.126669 38.832157
2075 1 57693501 -77.138811 38.792443
2300 2 59971948 -77.128179 38.812544
1594 1 52176816 -77.138392 38.806487
1635 1 54041098 -77.149123 38.818068
2100 2 60165423 -77.140943 38.808187
2260 2 51451848 -77.124355 38.820866
1600 1 59117289 -77.138337 38.81995
2800 2 59908254 -77.142659 38.807095
2425 1 51418599 -77.104279 38.837675
1739 1 5585932 -77.146774 38.814609
1795 1 51428062 -77.133066 38.820194
1795 1 51424996 -77.123929 38.823121
2600 2 59835727 -77.113785 38.843174
3300 3 60309490 -77.143309 38.841938
1850 1 60309329 -77.120762 38.814968
4000 4 60309331 -77.121259 38.819577
1900 1 60309323 -77.111454 38.810968
3500 3 60294296 -77.131434 38.794497
3000 3 60293268 -77.111454 38.810968
2150 2 53569467 -77.119889 38.802579
1600 0 56159826 -77.137622 38.813671
5500 4 60238001 -77.1198 38.803
2000 1 60115606 -77.108339 38.838623
3400 2 60261573 -77.116628 38.80951
2550 3 60254648 -77.130427 38.820979
2300 2 60248374 -77.124138 38.81595
2700 2 60242338 -77.113785 38.843174
2750 2 60230759 -77.136905 38.808157
1600 1 60219548 -77.159781 38.7987
3600 4 60219539 -77.133827 38.826396
1950 1 60219537 -77.140076 38.813906
2680 2 59887264 -77.139622 38.789639
1850 1 59574181 -77.127802 38.817858
1900 1 60210134 -77.101084 38.835278
1800 1 58961449 -77.143309 38.841938
1699 1 60033919 -77.121113 38.842754
2500 1 59861848 -77.148759 38.821578
3800 3 60033912 -77.152066 38.818795
2700 3 58702748 -77.143309 38.841938
3900 3 58437785 -77.146895 38.834313
1700 0 60055186 -77.124138 38.81595
2300 2 60063404 -77.111454 38.810968
2200 1 59983206 -77.126915 38.812906
3500 2 60038713 -77.137884 38.808649
2125 2 59652957 -77.140987 38.812774
2300 2 59740858 -77.136905 38.808157
1590 0 59413657 -77.099748 38.832623
3375 3 59637715 -77.105254 38.818613
1800 1 60004947 -77.134857 38.819406
2300 2 59228913 -77.139752 38.808038
3200 1 59249181 -77.105689 38.83713
1995 2 59316056 -77.14217 38.805487
2400 2 60119038 -77.099385 38.837366
1550 1 59633726 -77.158933 38.836191
1950 1 60169136 -77.119889 38.802579
1450 0 48489255 -77.128179 38.812544
3278 3 60125347 -77.106557 38.841403
1600 1 51648082 -77.107102 38.839645
1990 1 59944780 -77.121946 38.815423
2300 2 60069293 -77.111454 38.810968
2250 2 60060273 -77.140987 38.812774
3500 2 60044602 -77.137884 38.808649
2400 2 59972646 -77.106205 38.84092
2250 2 59862562 -77.099748 38.832623
2450 2 59766705 -77.116584 38.82588
3199 2 59117933 -77.130616 38.838366
2688 1 16558179 -77.103738 38.882842
2760 1 16555558 -77.107887 38.880259
2125 2 58771543 -77.139434 38.852413
1663 0 45372342 -77.119891 38.855028
1686 0 29634137 -77.148546 38.874012
1665 1 59911650 -77.104901 38.87009
2013 3 58954772 -77.118512 38.855014
2470 1 59874568 -77.10629996855002 38.87582175808932
2830 1 58771148 -77.102019 38.883539
2052 1 42665570 -77.109457 38.880458
2060 1 22915135 -77.117941 38.884806
3010 1 60321494 -77.109457 38.880458
2721 1 22915679 -77.12184 38.896229
3900 2 59874329 -77.10036601682367 38.87022475808932
3450 1 59874262 -77.117944 38.88686
9210 2 59875408 -77.102207 38.883929
9090 2 59875617 -77.106107 38.881253
2850 1 58444567 -77.108027 38.881601
2560 1 58444388 -77.117942 38.884806
1165 0 53440439 -77.1140321 38.8741719
2095 0 52173703 -77.102019 38.883539
2371 0 59815468 -77.10939 38.879269
1517 0 59799106 -77.147417 38.8641
2070 0 52173760 -77.108027 38.881601
2205 1 52173779 -77.104622 38.881392
1385 0 51414845 -77.122658 38.852003
1925 1 52173787 -77.104678 38.897559
1636 0 51448856 -77.115469 38.897205
1595 1 41535861 -77.126802 38.852821
1995 0 52173725 -77.106952 38.882121
2025 1 52173745 -77.111017 38.875205
1655 0 47736800 -77.105841 38.875106
1559 1 56377178 -77.1118856 38.8550862
2200 2 60325578 -77.148881 38.858383
1686 0 53126294 -77.148546 38.874012
1990 1 55328904 -77.118495 38.85268
2307 0 52425403 -77.100952 38.886195
1663 0 51433284 -77.119891 38.855028
525 1 52866833 -77.103349 38.880909
2340 0 47161874 -77.112177 38.880725
2195 0 52173730 -77.109814 38.881247
2147 1 47650585 -77.110706 38.872213
10000 6 59577421 -77.113086 38.888836
3200 3 60309415 -77.114092 38.843717
1750 2 60309304 -77.118357 38.856449
4700 3 60309297 -77.110793 38.863116
2375 2 60309302 -77.115998 38.878579
2475 1 60309290 -77.107975 38.880872
2847 2 49214909 -77.165073 38.885096
1590 1 60013292 -77.134748 38.881378
2115 1 52173734 -77.106248 38.878452
1872 1 51454299 -77.109738 38.844174
2000 2 54733784 -77.102187 38.871373
2850 2 59682814 -77.153066 38.877824
2000 2 54756082 -77.119092 38.856202
1595 1 60229773 -77.148479 38.865734
1700 1 59461611 -77.119068 38.856028
2000 1 60223471 -77.147598 38.858573
2850 2 60208053 -77.111092 38.885378
1900 1 59077929 -77.107039 38.854714
3100 2 60210133 -77.106803 38.880928
2300 2 59740854 -77.107375 38.871435
3250 2 59596165 -77.140465 38.886155
1450 0 60155093 -77.136541 38.864189
2595 2 59908260 -77.121202 38.844793
5000 4 59382663 -77.163693 38.852772
2550 2 59457353 -77.150507 38.864563
1900 2 59846666 -77.148327 38.865834
2900 2 58916105 -77.148881 38.858383
1695 0 60106285 -77.104822 38.886407
2600 1 60033908 -77.114698 38.881134
3995 2 60016223 -77.102689 38.883141
2150 2 59853046 -77.135748 38.882777
4795 3 60086297 -77.135224 38.875326
3300 3 59504982 -77.1142 38.858422
2200 1 59243248 -77.104063 38.880677
3397 2 59382654 -77.113911 38.886539
2800 1 59056463 -77.115985 38.891804
4000 4 59982223 -77.111925 38.845779
3995 5 59406810 -77.114238 38.847682
4800 4 59929243 -77.107464 38.859032
2700 2 58359950 -77.106187 38.854185
2520 1 59502275 -77.105795 38.881507
3400 2 59953244 -77.105222 38.881973
2400 1 59791018 -77.109199 38.88308
2995 2 60160169 -77.1398324 38.8954454
7000 4 60157161 -77.11265 38.888134
2800 2 60001250 -77.16454 38.888909
4300 5 49842395 -77.131564 38.878478
2450 1 60055832 -77.110785 38.881304
3200 3 59763504 -77.130351 38.862531
2400 2 59492772 -77.147955 38.859672
6000 3 52151884 -77.111454 38.885378
1568 1 51454301 -77.125064 38.845539
2450 1 60267299 -77.106008 38.880998
2282 1 64039 -77.067174 38.799468
1696 0 56846766 -77.071951 38.802675
1895 0 56968508 -77.074708 38.790677
2405 0 39013732 -77.091605 38.8039
1578 1 50866213 -77.069239 38.843209
2221 1 47402399 -77.069203 38.801396
1525 1 55435160 -77.077979 38.790113
2350 2 53923222 -77.085028 38.810309
2220 0 55798014 -77.068496 38.799744
2450 2 60318991 -77.074321 38.796601
2093 1 46344228 -77.067992 38.801339
2135 1 59805715 -77.079624 38.802989
2585 1 51418615 -77.085834 38.842117
2050 0 47161897 -77.068462 38.800199
1750 1 60309474 -77.07742 38.796715
3800 3 60309317 -77.066927 38.802757
2050 1 60309313 -77.084539 38.835442
1750 1 60305607 -77.07742 38.796715
1850 1 60297695 -77.066818 38.790124
1740 1 57962106 -77.093377 38.837469
2800 2 60055184 -77.097333 38.837986
2400 2 55800398 -77.07369 38.79197
2400 3 60266608 -77.080542 38.792224
2800 2 50161154 -77.071154 38.791276
2875 2 60208064 -77.07157 38.791589
3750 3 60242333 -77.096985 38.81095
1950 1 60235744 -77.076979 38.79574
1950 1 60231165 -77.076979 38.79574
2150 1 60230657 -77.074321 38.796601
3500 1 60226586 -77.080268 38.838803
4078 3 60224248 -77.072982 38.84186
5000 6 60137425 -77.099258 38.791224
2650 2 59523541 -77.069245 38.794728
3490 3 59347035 -77.068897 38.788404
2800 2 59771987 -77.078309 38.837727
2400 2 59084854 -77.076719 38.808114
2600 2 60169665 -77.079202 38.834309
2400 1 60127349 -77.068897 38.788404
1700 0 60099115 -77.066818 38.790124
1800 1 59683322 -77.066818 38.790124
1050 1 53260859 -77.070146 38.795715
2400 2 59082411 -77.076719 38.808114
2125 0 59934379 -77.075729 38.797794
3300 3 60197295 -77.077887 38.788842
2275 0 39472240 -77.050985 38.81668
2112 1 253721 -77.052556 38.838253
3229 0 38534117 -77.043218 38.814273
2255 0 53913556 -77.051089 38.816225
1623 0 60190011 -77.062379 38.83393
2321 1 17810958 -77.049813 38.814265
2345 1 51306400 -77.049112 38.792209
10140 5 59875471 -77.057659 38.813719
4220 3 59875557 -77.05425 38.836707
1960 0 22919008 -77.048901 38.831518
5410 3 59875558 -77.062351 38.816254
10540 3 59888757 -77.052474 38.805669
3590 1 59874714 -77.039208 38.805294
2360 1 58984800 -77.059529 38.832792
2330 1 58444506 -77.062739 38.798767
4640 3 58680210 -77.045176 38.819979
3160 1 58442848 -77.04772 38.802718
2900 0 59875380 -77.05865712635763 38.80946034975044
2700 1 58679973 -77.042874 38.818177
1695 1 56465113 -77.056814 38.817433
1725 1 58000286 -77.045211 38.799922
1575 0 57485171 -77.049842 38.804141
1550 1 58642935 -77.043593 38.818979
6000 2 60325572 -77.040482 38.813225
2200 1 60323003 -77.051311 38.803157
1725 1 56351430 -77.058002 38.817374
1725 1 55797647 -77.049228 38.805176
3500 2 60318940 -77.041565 38.822179
2050 0 47161883 -77.050937 38.815942
1850 0 60309333 -77.058618 38.822376
1575 1 60309320 -77.057455 38.834637
4800 1 59824719 -77.042347 38.804718
3500 1 59835715 -77.040026 38.814068
2750 2 58490988 -77.059077 38.82949
2435 1 58011605 -77.05079 38.817285
2200 1 60109031 -77.056951 38.835023
3195 1 56459428 -77.045646 38.812112
2200 1 60275681 -77.056193 38.834403
2800 2 60273384 -77.054907 38.811528
3650 2 60261533 -77.045544 38.823737
4000 2 60253373 -77.041068 38.799926
5950 2 60227424 -77.053749 38.805889
1875 1 60225542 -77.044646 38.822896
2500 1 60219540 -77.050766 38.803822
1800 1 60208055 -77.049654 38.809978
3999 2 60205396 -77.043009 38.822896
2300 1 59776135 -77.041265 38.817112
2950 1 60111609 -77.049308 38.805458
1995 1 60069244 -77.048631 38.795032
1500 1 59937940 -77.051555 38.825848
2700 2 60127138 -77.054739 38.81083
3000 1 59824718 -77.058618 38.822376
3500 1 59316057 -77.040026 38.814068
1900 1 59504988 -77.044824 38.824926
2600 2 58527274 -77.041565 38.822179
1750 1 60195290 -77.045176 38.822288
2000 1 50204528 -77.047682 38.797353
3000 1 59891213 -77.054772 38.804667
2700 1 59853068 -77.048759 38.805384
1595 0 59809303 -77.054183 38.804176
1900 1 59504786 -77.044824 38.824926
2060 0 39874052 -77.079931 38.864962
1750 0 35931274 -77.095315 38.860116
1750 1 35931270 -77.079906 38.864127
1790 1 35931282 -77.097215 38.859383
2299 1 57119521 -77.091851 38.862141
1955 0 24162717 -77.076405 38.845744
4920 3 58442966 -77.083395 38.848226
1502 0 51441904 -77.080553 38.862116
1820 1 52173716 -77.078435 38.849212
1846 0 52171396 -77.081504 38.848709
3000 3 60311663 -77.085728 38.855821
2900 2 60309288 -77.09822 38.850888
2300 1 60309278 -77.066692 38.862658
3400 3 59106713 -77.091073 38.854939
1700 0 60273383 -77.066692 38.862658
2500 2 59439969 -77.067035 38.863531
2100 2 60170484 -77.087039 38.859449
2200 1 60235708 -77.096215 38.844403
2200 2 60049040 -77.098168 38.869563
1925 1 59795051 -77.067035 38.863531
3200 2 59329341 -77.066634 38.861071
5800 3 59457347 -77.069331 38.853413
3500 3 59236422 -77.075668 38.848136
3200 3 59649143 -77.088339 38.850511
3695 2 59182502 -77.076794 38.847635
1800 1 60172363 -77.096763 38.867154
1700 1 59954961 -77.087242 38.868494
2540 1 16558137 -77.074349 38.895777
2541 1 16558102 -77.086178 38.891312
2476 1 16555483 -77.085773 38.880984
2567 0 16556547 -77.096363 38.887625
2441 0 253952 -77.08141 38.890549
2332 0 253639 -77.093985 38.884866
1690 0 63817 -77.085658 38.881753
1438 0 51474206 -77.086658 38.885539
1965 0 47956393 -77.074082 38.890826
2363 0 59143792 -77.096732 38.887042
1350 0 59385029 -77.083136 38.887263
1525 0 60123812 -77.084642 38.875583
2337 0 49038154 -77.095198 38.884051
1555 0 52765036 -77.076188 38.891743
2347 1 55088391 -77.0946 38.8873
2400 2 58267514 -77.074535 38.888842
2347 1 16558069 -77.085758 38.889638
6990 1 59875246 -77.085132 38.888529
2990 1 59875345 -77.09483693944303 38.879195758089324
4580 2 59970025 -77.073926 38.894454
3090 1 59875107 -77.096732 38.887042
2150 1 22916938 -77.085469 38.888842
2586 0 24656683 -77.092018 38.887442
3590 2 59127839 -77.079093 38.895382
2450 1 60149779 -77.085387 38.887791
2240 1 58444834 -77.080525 38.889559
5280 2 59967573 -77.069368 38.897059
2670 1 59967503 -77.069042 38.891226
2680 1 58839196 -77.088834 38.889096
2640 1 58444698 -77.078676 38.895694
2720 1 58679883 -77.093094 38.883836
2640 1 58679648 -77.095197 38.884051
3270 1 58444771 -77.084658 38.886725
2610 1 59875660 -77.081438 38.889481
2309 0 49448204 -77.07657 38.89487
2095 0 52173768 -77.085387 38.887791
2020 0 47402379 -77.081438 38.889481
1890 2 35931269 -77.075193 38.892629
1920 0 51445670 -77.08823 38.885247
2319 1 55273063 -77.076005 38.893249
2130 0 52173712 -77.088834 38.889096
2700 2 59971945 -77.080258 38.89495
2250 1 60309299 -77.068941 38.893005
2900 1 60309285 -77.093596 38.885684
1800 0 59879887 -77.069916 38.8936
5500 2 60309276 -77.072906 38.897591
1995 2 58563429 -77.077524 38.887936
2470 1 60295559 -77.076057 38.896086
2150 2 59954964 -77.078871 38.89107
2200 1 60250942 -77.082059 38.88788
2100 2 59853044 -77.072193 38.889569
1900 1 60219532 -77.083395 38.894689
1650 0 60219533 -77.069916 38.8936
2599 1 54340650 -77.07863 38.888283
4999 3 60208054 -77.076278 38.88908
1900 1 60201360 -77.070025 38.892628
3250 2 59806436 -77.082907 38.888858
3750 2 60129752 -77.087742 38.889392
3000 1 60053278 -77.076057 38.896086
1700 0 60016224 -77.070025 38.892628
1550 0 59853045 -77.072193 38.889569
5200 2 59652938 -77.06978 38.897288
8000 2 59771986 -77.084553 38.891249
2900 2 60101003 -77.08945 38.897273
14000 2 59549909 -77.076353 38.895262
2400 2 59302680 -77.090126 38.874388
2200 1 59316050 -77.090126 38.874388
13125 3 58404630 -77.084553 38.891249
1900 0 57796278 -77.090333 38.880425
4400 1 59852223 -77.072906 38.897591
1825 1 60101772 -77.087242 38.874787
2150 1 50143843 -77.07622982561588 38.89608873290374
2150 1 41553594 -77.0760958 38.8958034
2095 0 59567647 -77.083742 38.895909
3300 2 54180419 -77.073309 38.892888
2300 1 59302825 -77.072794 38.889272
2292 1 16558033 -77.048959 38.860593
2231 0 16555617 -77.062678 38.861662
1989 0 24275429 -77.050772 38.843539
2441 1 16557948 -77.048581 38.857225
2150 0 36064210 -77.05279 38.863267
1965 0 56639370 -77.054174 38.855202
2402 1 16558003 -77.055622 38.859414
3126 1 59826105 -77.0548 38.8585
2645 1 59553561 -77.051277 38.89581
2605 1 59767361 -77.053417 38.862116
3470 1 58443150 -77.050766 38.859277
3770 2 59875556 -77.052761 38.869019
2380 1 59874580 -77.05107 38.857419
4100 2 59999093 -77.052761 38.869019
2160 1 59874288 -77.045191 38.8687
2130 1 59874318 -77.045191 38.8687
2340 1 60005977 -77.049383 38.86
2490 2 60014171 -77.052761 38.869019
5720 2 59875259 -77.048907 38.861903
2155 0 22920806 -77.045813 38.897193
3510 1 59967566 -77.046505 38.895647
6600 3 59967598 -77.049471 38.856086
4050 1 59967590 -77.046505 38.895647
5880 2 59967519 -77.054734 38.897714
6860 1 59888751 -77.04743059885011 38.896130816232706
3750 1 59967580 -77.046505 38.895647
2970 1 59967579 -77.046505 38.895647
4610 1 59888730 -77.04743059885011 38.896130816232706
8030 2 59875595 -77.04743059885011 38.896130816232706
2780 1 59981661 -77.051174 38.846423
2760 1 59967593 -77.051438 38.897933
3090 1 59967551 -77.046505 38.895647
4100 2 59875094 -77.052761 38.869019
2690 1 59875460 -77.05574 38.862232
2170 1 59874989 -77.065429 38.85245
5070 1 60256097 -77.039449 38.888215
3030 0 59874282 -77.046505 38.895647
2600 1 59875238 -77.050516 38.86036
3810 1 59875420 -77.046505 38.895647
4600 3 59875781 -77.064692 38.858202
2660 1 58679785 -77.048582 38.857225
3200 1 58721209 -77.058341 38.860724
2550 1 58682865 -77.05359 38.8641
2750 1 58692664 -77.053739 38.85764
2530 1 58763710 -77.060363 38.860993
2700 1 58679987 -77.048539 38.863607
2970 1 58444353 -77.051337 38.844779
2740 1 58679995 -77.0506 38.8603
2440 0 58984778 -77.061301 38.861267
3380 2 58444858 -77.053329 38.860356
1131 0 51907932 -77.0514992 38.8539828
2147 0 52117826 -77.053417 38.862116
1421 0 48767300 -77.065203 38.843514
2995 2 59377413 -77.051277 38.89581
2294 0 59313543 -77.051113 38.845906
2445 0 48208299 -77.05359 38.8641
3000 3 60302784 -77.063421 38.856755
2750 2 59649916 -77.049193 38.862215
2320 1 51436065 -77.053872 38.863689
3500 2 60106284 -77.049282 38.861834
2150 1 60091217 -77.066142 38.862403
2250 1 60091218 -77.066142 38.862403
3400 2 59574177 -77.048824 38.856569
11500 8 56631525 -77.048554 38.897111
3500 2 60106310 -77.049282 38.861834
1795 0 59844668 -77.047068 38.896715
2650 2 59771827 -77.048824 38.856569
2008 0 58688353 -77.100111 38.989879
1981 1 29651941 -77.118185 38.948722
3910 1 59875498 -77.105441 38.928535
4520 1 59875112 -77.100611 38.949196
1645 1 53428635 -77.1254 38.9036
2100 1 54146132 -77.102187 38.925296
2650 2 59041770 -77.108899 38.963839
3500 3 59937938 -77.115804 38.902908
8250 6 60325516 -77.153544 39.001778
7950 6 60318928 -77.125513 38.919362
1700 1 60283395 -77.101248 38.964041
4200 3 60309295 -77.116277 38.899848
4200 4 60242276 -77.129355 39.008391
7100 5 59736172 -77.163592 38.977687
4500 4 60293265 -77.106995 38.904149
7500 5 60273802 -77.165358 39.001305
4100 3 60254572 -77.10143 38.97999
10500 5 60254569 -77.101557 38.950772
3800 3 60251071 -77.116793 39.008549
3000 2 60231981 -77.103568 38.992371
5000 4 57976656 -77.147817 38.942938
4600 4 60197298 -77.147724 38.929276
6250 5 60152478 -77.148439 38.942955
10500 5 60027379 -77.140093 38.941479
23500 9 59669301 -77.16333 38.940812
6000 6 59765481 -77.129881 38.936294
12000 6 59316068 -77.160194 38.935286
12000 5 59056477 -77.158666 38.942654
8200 6 60101004 -77.135997 38.910529
5300 4 60074373 -77.134208 38.922503
5500 4 59316051 -77.136846 38.915306
4400 4 59615859 -77.112238 38.904964
4000 3 60152440 -77.100689 38.990105
7000 4 60161886 -77.125385 38.979609
4500 3 59700229 -77.121271 38.960922
5800 4 59669291 -77.106349 38.969862
7500 5 58858759 -77.117042 38.982283
5800 5 58609875 -77.135475 38.975808
4400 5 60058853 -77.136891 38.986128
12500 6 58083215 -77.121202 38.961148
4495 4 59981338 -77.116804 39.000605
7500 4 59898486 -77.129975 38.963604
3300 2 58366365 -77.101899 38.924832
2590 0 57405364 -77.068626 38.917557
1460 0 31145762 -77.082003 38.935816
1515 0 30955780 -77.078794 38.93191
2510 1 59148697 -77.070682 38.920529
1525 0 53917119 -77.073193 38.931689
1591 0 16557860 -77.068916 38.952872
2244 1 16557756 -77.073808 38.92861
2200 1 60101840 -77.073435 38.926598
4502 2 51306685 -77.074025 38.936357
4890 2 58443556 -77.081395 38.933209
1572 1 22920653 -77.077833 38.923832
3090 0 59888723 -77.072901 38.929704
9570 2 59920780 -77.082 38.920521
4410 1 59875018 -77.069277 38.93046
2080 1 59874781 -77.0749177639989 38.899520758089324
3510 1 59967512 -77.076216 38.907096
2110 0 22915911 -77.081395 38.933209
1798 0 22920416 -77.077013 38.925021
2500 1 60221109 -77.08037209999999 38.925299
1900 1 45572719 -77.071268 38.94459
2540 2 57592347 -77.079563 38.920155
1550 0 56443935 -77.073268 38.931303
1745 1 55444254 -77.073317 38.932084
1899 0 51451765 -77.066415 38.948143
1625 1 56320091 -77.076349 38.942451
2595 1 56485671 -77.071114 38.919395
1500 1 59492909 -77.080047 38.920902
4317 2 59315969 -77.077682 38.9419
4000 2 57671768 -77.077917 38.934878
2725 1 55232815 -77.077173 38.94159
12000 4 60325488 -77.069804 38.913812
1395 0 56606629 -77.07289 38.93283
1795 0 51468020 -77.073383 38.929338
1677 1 58243221 -77.088636 38.910333
2500 2 60308125 -77.083047 38.928975
1750 1 60308112 -77.067762 38.950489
2800 2 60308105 -77.085934 38.953125
1725 1 60297278 -77.081742 38.922434
2500 1 60295427 -77.080728 38.925598
1750 1 60077260 -77.078252 38.924067
1999 0 51415399 -77.077524 38.899294
2349 1 60142317 -77.07869 38.939418
4350 3 60276725 -77.077682 38.924471
7500 5 56631879 -77.068854 38.907219
1675 0 60261497 -77.088499 38.909372
2100 1 59516501 -77.079563 38.922081
3100 2 60106252 -77.082907 38.936792
2600 1 59234992 -77.079646 38.930461
2500 1 47240538 -77.074025 38.936357
2150 1 60207977 -77.077005 38.923802
3650 2 56506355 -77.066239 38.910608
2400 1 59806390 -77.082921 38.930848
5100 3 60170415 -77.069445 38.907263
1650 1 60056109 -77.073601 38.930294
2400 0 60027345 -77.069793 38.918543
1650 1 59771879 -77.073598 38.925766
20000 5 59740780 -77.093867 38.935294
8500 4 59765353 -77.08888 38.931816
2250 1 59470348 -77.078979 38.936248
4400 2 59413602 -77.078173 38.919348
2795 1 59315967 -77.077682 38.9419
2909 1 59315968 -77.077682 38.9419
5698 2 59130848 -77.077682 38.9419
4287 2 59122627 -77.077682 38.9419
4704 2 59122629 -77.077682 38.9419
4662 2 59130845 -77.077682 38.9419
4252 2 58846440 -77.077682 38.9419
4750 2 58442101 -77.068862 38.907539
3750 1 58442102 -77.068862 38.907539
2820 1 58079859 -77.077682 38.9419
4652 2 58079848 -77.077682 38.9419
2874 1 58079836 -77.077682 38.9419
4554 2 58079829 -77.077682 38.9419
5688 2 58079821 -77.077682 38.9419
4612 2 58079819 -77.077682 38.9419
4694 2 58079820 -77.077682 38.9419
5673 2 58079810 -77.077682 38.9419
3521 1 58079800 -77.077682 38.9419
5900 2 60090065 -77.072944 38.922958
3600 2 60037650 -77.072768 38.918292
1700 0 59970576 -77.077729 38.930069
11000 5 59630899 -77.097792 38.944654
2200 1 60110636 -77.0747 38.9137
1700 1 59951189 -77.086719 38.909243
7800 3 60013459 -77.069198 38.907324
2100 1 57983196 -77.071844 38.92039
1950 1 59644092 -77.073668 38.937431
2100 1 52101981 -77.071844 38.92039
12000 4 48333059 -77.067756 38.90841
1950 1 59506345 -77.08256 38.929975
1998 1 59454903 -77.083015 38.907014
3470 2 59454895 -77.083015 38.907014
12000 5 52862073 -77.067762 38.908549
3990 2 34678245 -77.074025 38.936357
1700 1 59819434 -77.084972 38.908121
1909 0 8080358 -77.052058 38.902816
1931 0 8080300 -77.052828 38.901448
1859 0 29657901 -77.052213 38.902938
1499 0 56443938 -77.052891 38.911004
1699 0 54252039 -77.053373 38.925944
2489 0 64396 -77.051951 38.904995
2910 1 41596108 -77.053337 38.910253
3960 1 58679236 -77.049863 38.901014
3420 1 58444441 -77.061067 38.911943
3270 1 58742468 -77.064359 38.912142
3570 1 59875728 -77.065198 38.910333
10500 6 59875630 -77.04978089676327 38.91897581623271
2099 1 48022514 -77.060941 38.910647
2410 0 51426968 -77.056749 38.923896
1999 0 50736048 -77.052102 38.902219
1795 0 56444974 -77.057152 38.925037
2111 0 52174754 -77.051985 38.902296
1797 0 51440418 -77.053304 38.923994
6000 2 60308115 -77.06343 38.907916
5750 2 60308116 -77.06343 38.907916
6400 2 60308113 -77.06343 38.907916
4500 2 60308107 -77.050845 38.90394
2900 2 60308106 -77.051814 38.89995
6300 1 57857928 -77.050845 38.90394
2850 1 57619593 -77.063854 38.905719
3850 1 60297319 -77.052891 38.904816
2650 1 54221990 -77.049838 38.905733
4600 1 59723024 -77.060006 38.905101
2300 1 60018238 -77.052891 38.904816
4750 2 60294636 -77.050514 38.906622
2700 2 60293241 -77.054583 38.9104
4500 3 60264142 -77.063634 38.908278
5395 3 60253369 -77.053758 38.904422
1650 0 60243415 -77.062739 38.906908
3000 1 60219970 -77.051814 38.89995
4800 2 59624708 -77.053507 38.904581
5300 2 59663755 -77.062989 38.904684
7000 2 59204110 -77.050845 38.90394
1900 0 59106641 -77.05159 38.901219
20000 3 59119677 -77.050845 38.90394
3400 1 59522186 -77.062989 38.904684
4250 2 58473813 -77.063881 38.904121
1950 0 60169644 -77.053702 38.90174
4000 2 60055935 -77.054607 38.904549
3450 1 60090064 -77.052102 38.904166
2200 1 59878941 -77.053739 38.902121
3250 2 59023694 -77.051814 38.89995
3000 1 58071126 -77.050544 38.904838
3550 1 60114705 -77.052891 38.904816
2350 0 60036706 -77.05159 38.901219
3600 2 60001618 -77.055329 38.923529
1550 0 59697445 -77.05159 38.901219
5950 3 59564579 -77.054298 38.901581
4999 2 57523068 -77.065897 38.903794
2465 0 38321623 -77.033589 38.909916
1950 0 59289693 -77.042012 38.911972
1698 0 16555975 -77.035318 38.906372
2569 1 24274970 -77.035005 38.901722
2163 0 16557900 -77.045351 38.906889
4680 2 59967577 -77.045371 38.909056
2600 0 59043230 -77.033122 38.899909
3660 1 58679528 -77.043798 38.912377
3300 1 58679424 -77.033589 38.909916
3240 0 58680099 -77.041176 38.910198
3630 1 58442624 -77.048156 38.903438
3980 2 59053343 -77.047087 38.908733
3150 1 58444392 -77.034228 38.908622
1850 1 57880073 -77.047974 38.908014
1693 0 56453456 -77.039331 38.909846
2350 0 56444962 -77.046112 38.906324
1800 0 52902293 -77.043087 38.912389
1285 0 56960154 -77.044223 38.912348
1500 0 56472930 -77.033445 38.907422
3100 1 56468166 -77.035109 38.908846
2207 0 51421970 -77.049314 38.907523
1281 0 53788597 -77.034022 38.912323
2600 1 59240136 -77.038194 38.910509
3995 2 56444966 -77.037186 38.912529
2450 1 56444959 -77.038022 38.908506
2075 1 59685395 -77.039852 38.908816
9000 2 60325490 -77.049399 38.904768
1395 0 60323367 -77.040232 38.910898
2625 0 57644500 -77.037527 38.908487
772 0 59520337 -77.038823 38.911669
1895 0 51446432 -77.036984 38.911286
2365 0 51430429 -77.033589 38.909916
1731 0 51446430 -77.033154 38.906422
1749 0 59558056 -77.04749 38.906922
5000 2 60311570 -77.047035 38.910198
2000 0 60308111 -77.03381 38.907101
3400 2 59971685 -77.036228 38.912111
1600 0 57125357 -77.047776 38.907491
2935 1 60296161 -77.039005 38.910898
9100 1 59979963 -77.048628 38.904938
2750 1 59802055 -77.04149 38.908239
2495 1 59150766 -77.041366 38.911529
1524 3 55663624 -77.048223 38.909794
3620 1 51421695 -77.040738 38.909487
2100 0 20923993 -77.033122 38.899909
2095 1 57632015 -77.045628 38.909087
1795 1 59876109 -77.038233 38.911669
2295 1 57880074 -77.048218 38.908014
3750 2 57407631 -77.040465 38.909982
3465 1 60216914 -77.046838 38.907003
1940 1 56558112 -77.034166 38.909296
6500 2 60241029 -77.049068 38.9088
2250 1 60230679 -77.041366 38.911529
2250 1 60230616 -77.041366 38.911529
2175 0 59824652 -77.046981 38.906953
3590 2 59688438 -77.04749 38.906922
2950 0 59388980 -77.042193 38.90806
2150 1 60177189 -77.04749 38.906922
1600 0 54730001 -77.049347 38.902964
2000 0 60111974 -77.049554 38.904022
2385 1 59374471 -77.049554 38.904022
2058 1 59454899 -77.037393 38.911972
2600 1 60077259 -77.049282 38.902889
2150 1 60034034 -77.033233 38.907101
3050 2 57859804 -77.049347 38.902964
2135 0 56765464 -77.043698 38.918993
2085 0 57731341 -77.042012 38.923313
1748 0 52729504 -77.035971 38.918695
2560 1 58442544 -77.040087 38.918377
2870 1 58679427 -77.04645 38.912784
4980 2 59967559 -77.043259 38.923241
5760 2 59967595 -77.041659 38.918175
3930 1 59967570 -77.043259 38.924964
3660 1 59875134 -77.039279 38.916296
6060 2 59967565 -77.0374 38.9192
5850 3 59874417 -77.034534 38.9168
3210 1 59874293 -77.034534 38.9168
3120 0 59967560 -77.034534 38.9168
2570 1 58677015 -77.042782 38.916723
2910 0 59874296 -77.048855 38.918492
3060 1 59874243 -77.04258489262706 38.91865881623271
8250 5 59874255 -77.04393095756116 38.923634816232706
3690 2 59874715 -77.04258489262706 38.91865881623271
1775 0 50988893 -77.04445 38.921533
2410 1 50528752 -77.04445 38.921533
2150 1 57962134 -77.047223 38.918985
2250 2 59102130 -77.033419 38.924243
1675 0 51431097 -77.039233 38.912879
2100 0 56444970 -77.047399 38.916879
1846 1 58342168 -77.044035 38.914557
3675 2 57965220 -77.044617 38.918047
3175 2 56469957 -77.038748 38.913066
1799 0 51453369 -77.038154 38.914314
1650 0 51452934 -77.033376 38.915836
2250 0 51451842 -77.035748 38.919021
1639 3 58002215 -77.039036 38.917912
3850 2 60274371 -77.037242 38.914972
2670 1 51429697 -77.048347 38.916004
1950 1 57354602 -77.042579 38.924459
1925 1 57962133 -77.039257 38.920188
2250 1 58639138 -77.033808 38.923674
2900 1 58062402 -77.036172 38.915333
2175 1 59454902 -77.044399 38.922499
2103 1 59636872 -77.044482 38.922555
2211 1 59454900 -77.044144 38.922659
1750 0 51035506 -77.039376 38.924467
2820 0 52171329 -77.037194 38.924975
3950 2 60322322 -77.040901 38.919712
2550 2 60320786 -77.038692 38.920418
2035 0 51560259 -77.044103 38.912828
1986 0 51424348 -77.033991 38.917906
2079 0 51448756 -77.035991 38.924529
3570 2 60308114 -77.0418 38.91758
1795 1 60010656 -77.039946 38.921888
4750 3 60308098 -77.035603 38.924486
4950 2 60308097 -77.03693 38.912985
2000 1 60299020 -77.044026 38.92378
3570 2 56337332 -77.0418 38.91758
3500 2 50794622 -77.035027 38.925271
2600 1 60293043 -77.039194 38.916185
2700 1 60066028 -77.04645 38.922983
1795 0 56444965 -77.037946 38.914993
2125 0 56456901 -77.048738 38.919477
1750 0 60074336 -77.047347 38.921555
2950 2 56482708 -77.045232 38.919684
2551 0 58889380 -77.035242 38.917292
2997 2 59736582 -77.0391415 38.9158052
4150 2 60204546 -77.038019 38.91279
3195 2 57483327 -77.040698 38.916784
3025 2 57944341 -77.034786 38.917111
3000 3 58849556 -77.038324 38.92484
3100 2 58296049 -77.042223 38.923276
5147 4 59448878 -77.0374 38.9192
3050 1 60254542 -77.041079 38.921802
4200 2 60088390 -77.038946 38.918828
3900 2 60239323 -77.034154 38.921766
2800 2 60219383 -77.033984 38.918879
6000 3 59945941 -77.042824 38.917198
4350 2 51829339 -77.036911 38.917842
1895 1 60074337 -77.039946 38.921888
2450 1 60039933 -77.041351 38.920888
3100 2 59924996 -77.042223 38.923276
2900 1 59894586 -77.034186 38.920702
9845 5 58768755 -77.033437 38.926223
1700 0 58227823 -77.043517 38.926219
1950 0 60018513 -77.048099 38.920101
2595 1 60142021 -77.035708 38.916784
3637 0 58764535 -77.034865 38.913647
1850 1 60089308 -77.045087 38.923079
2900 2 45259708 -77.033848 38.924232
4195 2 60001619 -77.043314 38.921486
2495 1 59981510 -77.038269 38.91585
4178 1 54968613 -77.034865 38.913647
2161 1 59774539 -77.044043 38.922547
2200 1 59454901 -77.044247 38.922674
2100 1 59034358 -77.041974 38.923933
5895 3 58559102 -77.047435 38.917323
6161 2 54968642 -77.034865 38.913647
1754 0 31961306 -77.05571 38.936248
1626 0 59651714 -77.039686 38.93371
2331 1 16557849 -77.053964 38.935545
1693 0 17811590 -77.061854 38.9437
2707 1 16557829 -77.064156 38.946179
1465 0 53304614 -77.037109 38.936272
3075 2 51309859 -77.034186 38.936136
3600 1 59967601 -77.036465 38.92754
2400 0 59875222 -77.05772 38.941513
2189 0 22919704 -77.065239 38.948535
1700 1 51159395 -77.034186 38.936136
6680 1 59888753 -77.04015600441872 38.92722481623271
2250 1 58678137 -77.061212 38.942838
1983 1 22915579 -77.061213 38.942838
1650 0 51280629 -77.034186 38.936136
1787 0 56957845 -77.0557846 38.9368404
2849 2 58401476 -77.037172 38.929146
1815 0 52488897 -77.054298 38.928958
2442 1 51447403 -77.054222 38.927533
1799 0 51450384 -77.036984 38.929983
1378 0 51446581 -77.035036 38.928459
1250 0 48366989 -77.034019 38.928002
1575 0 56444978 -77.036848 38.93238
1322 0 51446573 -77.036946 38.93571
1750 1 57426715 -77.038186 38.932084
1319 0 58435413 -77.034575 38.932816
4900 3 58698124 -77.033641 38.935619
2750 2 60323366 -77.05971 38.936675
1511 0 51446586 -77.035971 38.937619
1249 0 51440150 -77.05744 38.933189
1650 0 51415091 -77.061156 38.939071
1600 0 52715713 -77.037349 38.939209
1950 1 58906139 -77.036823 38.935197
1399 0 59255499 -77.056696 38.933153
2980 2 60316430 -77.040478 38.93077
2500 2 60308124 -77.034991 38.953085
3550 2 60293998 -77.055534 38.933313
1531 0 59255497 -77.034792 38.927146
2200 1 60203877 -77.037603 38.933222
1759 0 51451852 -77.056329 38.933286
2199 1 51811612 -77.060415 38.937984
1188 0 60204303 -77.03593 38.935069
2100 1 60273657 -77.034172 38.92657
2081 1 51451846 -77.056772 38.933303
2533 1 51469333 -77.043524 38.926944
1850 0 59313113 -77.034148 38.932627
2300 1 60251512 -77.033848 38.927188
2600 2 57649237 -77.034357 38.932303
2300 0 60219386 -77.055534 38.933313
2218 1 59454907 -77.038534 38.93256
2218 1 59454908 -77.038534 38.93256
2596 1 59454909 -77.038534 38.93256
2576 2 59454904 -77.038534 38.93256
2218 1 59454905 -77.038534 38.93256
6600 3 60197915 -77.039109 38.930859
15000 4 60197457 -77.042314 38.944238
3500 2 60027344 -77.034269 38.927146
2400 2 59439927 -77.034005 38.938892
2400 1 59274614 -77.056255 38.928338
2600 1 59249094 -77.033065 38.939057
2900 2 59014616 -77.033848 38.93671
3600 2 58219816 -77.056255 38.928338
3400 2 58227818 -77.056255 38.928338
7900 5 57857568 -77.034808 38.947347
2300 1 60193770 -77.061916 38.944882
11000 4 60050116 -77.058356 38.941284
1800 1 60120012 -77.055926 38.930523
1978 1 60168384 -77.057971 38.930654
2175 1 59443558 -77.041043 38.926975
2187 1 60059994 -77.034228 38.945199
1999 1 59998333 -77.0395 38.926533
2199 1 59791249 -77.060212 38.937342
3400 3 59339291 -77.034884 38.9376
2100 1 59243573 -77.034005 38.938934
6000 5 59701168 -77.039331 38.930342
9950 6 58025657 -77.064497 38.930057
1650 1 58855835 -77.034257 38.932266
2446 1 16558828 -77.08788 38.961346
2950 1 58444435 -77.098367 38.981358
2800 2 53988838 -77.073931 38.962645
1451 2 60325519 -77.094197 38.977782
1290 1 60325514 -77.094197 38.977782
5300 4 60316832 -77.094248 38.958802
3650 2 60308503 -77.093182 38.980381
6200 4 56889974 -77.092363 38.974635
1425 0 60297806 -77.089438 38.962179
1800 1 47082309 -77.0712161 38.9565674
1900 0 59969915 -77.071917 38.959213
1495 0 60070278 -77.090094 38.962893
1395 0 8528073 -77.090094 38.962893
3100 2 60230614 -77.085636 38.957228
3950 2 59777057 -77.095648 38.979417
2200 1 59360603 -77.089438 38.962179
2200 0 60074352 -77.093182 38.980381
2650 2 59649107 -77.093329 38.979436
1800 0 59475214 -77.090094 38.962893
11500 5 59598653 -77.088672 38.979031
2100 1 60114975 -77.093182 38.980381
2550 2 60054429 -77.093529 38.979479
5000 5 59837987 -77.068262 38.961918
4800 3 60097043 -77.07142 38.958655
1550 0 59621066 -77.090094 38.962893
2595 1 45927577 -77.097182 38.984951
2064 0 16556842 -77.097656 38.984934
1875 0 51417788 -77.097391 38.990681
2702 1 58847151 -77.09575 38.985915
1964 0 29637010 -77.08988 38.98466
2134 0 58240916 -77.096215 38.992874
2720 1 59224023 -77.095173 38.985639
2620 1 58444508 -77.096215 38.992874
2790 1 58443115 -77.098841 38.990643
2980 1 60298153 -77.098924 38.990788
2490 1 58679537 -77.097581 38.988253
2880 1 58442583 -77.097688 38.983542
2360 1 58679380 -77.094596 38.98693
2580 1 58442483 -77.097391 38.990681
1975 1 55444559 -77.078719 38.99432
2300 2 59030012 -77.093792 38.985836
1950 1 51448290 -77.095494 38.99232
2279 0 60325517 -77.096215 38.992874
4500 4 60322023 -77.088484 39.00784
2955 1 51425978 -77.097688 38.983542
2000 1 60308505 -77.085768 38.986201
5000 3 60297416 -77.093209 38.99297
2350 1 59715653 -77.096428 38.984007
2295 1 60276348 -77.096428 38.984007
3750 2 60264156 -77.096428 38.984007
8995 3 60264157 -77.076861 38.995888
4040 3 60235920 -77.091897 39.008035
1900 1 59826037 -77.096428 38.984007
5761 2 60170437 -77.092134 38.981942
6662 3 60170438 -77.092134 38.981942
3781 2 60165010 -77.092134 38.981942
3938 2 60165012 -77.092134 38.981942
3888 2 60165014 -77.092134 38.981942
5779 2 60165016 -77.092134 38.981942
2548 1 60165005 -77.092134 38.981942
2995 1 60165008 -77.092134 38.981942
3345 2 60162760 -77.096215 38.992874
4385 2 60162761 -77.096215 38.992874
4435 2 60164987 -77.096215 38.992874
2425 1 60162755 -77.096215 38.992874
2513 1 60162756 -77.096215 38.992874
2725 1 60162757 -77.096215 38.992874
2790 1 60162758 -77.096215 38.992874
3018 1 60162759 -77.096215 38.992874
2134 0 60162752 -77.096215 38.992874
2465 1 60162753 -77.096215 38.992874
2385 1 60162754 -77.096215 38.992874
2199 1 60091165 -77.095788 38.989198
2600 1 60170435 -77.075729 38.993226
2995 1 60086286 -77.096428 38.984007
2588 1 59846621 -77.096215 38.992874
3788 2 59813062 -77.092134 38.981942
4841 2 59813063 -77.092134 38.981942
4711 2 59813064 -77.092134 38.981942
5759 2 59813066 -77.092134 38.981942
2648 1 59800322 -77.092134 38.981942
3467 1 59800323 -77.092134 38.981942
3751 2 59800324 -77.092134 38.981942
2875 1 59765397 -77.092134 38.981942
2687 1 59765396 -77.092134 38.981942
2520 1 59574116 -77.096215 38.992874
3989 2 59586633 -77.096215 38.992874
2199 0 59483121 -77.096215 38.992874
2266 0 59389014 -77.092134 38.981942
2503 1 59289021 -77.092134 38.981942
3621 1 59289024 -77.092134 38.981942
6682 3 59289026 -77.092134 38.981942
3149 1 59228857 -77.092134 38.981942
4483 2 59119700 -77.096215 38.992874
6889 3 59119701 -77.096215 38.992874
5679 3 59014653 -77.096215 38.992874
9240 3 59106665 -77.097774 38.988072
2939 1 59119699 -77.096215 38.992874
5036 2 58846467 -77.092134 38.981942
2909 1 58832493 -77.096215 38.992874
3640 2 58832494 -77.096215 38.992874
3899 2 58516321 -77.096215 38.992874
5669 3 58557624 -77.096215 38.992874
6769 3 58079924 -77.096215 38.992874
19000 3 59596143 -77.096824 38.983584
5890 2 50415280 -77.097543 38.987139
3500 2 60036211 -77.096428 38.984007
4500 1 44245598 -77.098924 38.990788
2906 1 55591515 -77.092599 38.98228
3601 2 55810256 -77.092599 38.98228
2536 0 55591514 -77.092599 38.98228
1399 0 43851511 -77.033808 38.96774
1395 1 56469286 -77.0344 39.0006
1685 1 55737980 -77.033527 38.996059
2100 1 60316477 -77.03393 38.957116
3700 4 59648001 -77.059002 38.989772
1350 0 59822530 -77.033053 38.969179
2221 1 48538660 -77.033969 38.991273
2150 1 59285362 -77.033166 38.959788
1595 1 47517969 -77.033053 38.969179
6000 4 60253368 -77.059417 38.965061
5300 4 60219440 -77.057002 38.989172
1495 1 60197202 -77.043441 38.995848
1700 1 59187887 -77.047123 38.993888
6000 4 39143703 -77.060739 38.966589
1725 1 35935930 -77.041175 39.001127
2850 2 59533229 -77.034423 38.966479
2507 3 59630350 -77.036136 38.993369
1656 2 59630342 -77.036136 38.993369
1488 1 59630330 -77.036136 38.993369
3250 3 43752758 -77.0202557 38.828343
1609 1 54251849 -76.977852 38.797434
5100 0 59888732 -77.02213 38.82149
1525 1 56857857 -76.9987 38.8039
1800 3 59682959 -76.992594 38.841898
1800 2 60325528 -76.968634 38.817847
3200 4 60311433 -76.969971 38.815285
1925 3 60308104 -77.010011 38.824179
1925 3 60308103 -77.010011 38.824179
1925 3 60308101 -77.010011 38.824179
1400 1 60295522 -77.008976 38.824194
1550 1 60295246 -76.999297 38.793259
1300 1 59968214 -76.994615 38.843384
1650 2 57371531 -76.988292 38.84212
1087 0 56478015 -77.006976 38.831856
2000 3 57217446 -77.003305 38.828926
1550 1 59184285 -76.982577 38.830313
1500 1 59228818 -77.002579 38.835856
1400 1 59249095 -77.002579 38.835856
1650 2 60248325 -76.994315 38.830278
1250 1 60231761 -77.004557 38.836992
1600 2 60145749 -77.008914 38.825343
1300 1 60091138 -77.01169 38.824603
5600 6 60069165 -77.004095 38.837236
2695 4 60074338 -76.998268 38.827467
2200 3 59920194 -77.000243 38.829364
1500 1 59830922 -77.000299 38.830727
2700 4 59577378 -76.990348 38.830827
1700 2 59589506 -76.990348 38.830827
2000 2 58483930 -76.990632 38.833253
1650 2 57857714 -76.991491 38.833205
1850 2 60006828 -77.005976 38.822896
1250 1 59596104 -77.009263 38.824599
1300 2 60026984 -76.997401 38.829033
1450 1 60108725 -76.993762 38.833205
1430 1 60065409 -76.999913 38.829002
1900 2 60057864 -76.990924 38.843101
3400 5 60011126 -76.971852 38.797759
1225 1 57426571 -76.995433 38.829837
2450 3 56409689 -77.007999 38.824988
1430 1 58883555 -76.999913 38.829002
2400 4 59384078 -76.988736 38.817795
2187 3 58687767 -77.005976 38.822896
1700 2 57119959 -77.001722 38.83113
1360 2 51445607 -77.000243 38.829364
1950 2 59449194 -76.994031 38.829541
2100 2 59570992 -77.012153 38.825396
2100 2 59570993 -77.012153 38.825396
2100 2 59570994 -77.012153 38.825396
4650 1 59875827 -77.008051 38.871099
4990 2 59875462 -77.015428 38.869809
5970 3 59874251 -77.008051 38.871099
2570 1 58442535 -77.012471 38.864141
2590 3 59136488 -77.000864 38.846968
2600 1 60242259 -77.011828 38.864501
1200 1 56343420 -77.000338 38.844547
2850 1 60086275 -77.011828 38.864501
2350 2 60079602 -77.00131 38.844195
1700 1 59552393 -77.000633 38.845423
1695 1 59375958 -77.00464 38.848101
1200 1 59522240 -77.001518 38.84792
2150 1 58319357 -77.002564 38.845303
1400 2 60057859 -77.005453 38.848403
1700 2 60006883 -77.0047 38.847159
2250 3 59570986 -77.001622 38.847982
2800 1 29621928 -77.02262 38.895689
2260 1 60298519 -77.017186 38.881958
4140 1 59875533 -77.031412 38.896112
2640 0 58984801 -77.023433 38.894992
2060 0 58677041 -77.021862 38.878919
2970 1 59583606 -77.02262 38.895689
2890 1 58821888 -77.023433 38.89595
2480 1 59080375 -77.023994 38.879273
3062 2 57389269 -77.0179801 38.8784544
2472 1 52171416 -77.018253 38.878429
2900 1 60308130 -77.020732 38.893932
3697 2 58539233 -77.017977 38.872225
3100 2 60293482 -77.016789 38.880263
2900 1 60292622 -77.020732 38.893932
2740 2 50051993 -77.016569 38.881042
1900 0 60197166 -77.018854 38.872763
4100 2 60170419 -77.020502 38.894926
1750 0 60069163 -77.017977 38.872225
3000 1 59920192 -77.017977 38.872225
2550 1 59857481 -77.024921 38.896397
3750 2 59806389 -77.021176 38.894974
1800 0 59239066 -77.017233 38.880595
2200 1 60141197 -77.020732 38.893932
1475 0 37861446 -77.010512 38.896306
2000 0 54252289 -77.004976 38.885215
1815 0 59147066 -77.016328 38.877429
1800 0 59026033 -77.01469 38.876025
1925 0 54768917 -77.015612 38.876752
2069 0 24276743 -77.009439 38.873314
2500 1 58721215 -77.006668 38.871213
6390 2 59875851 -77.008014 38.892014
4950 1 59875830 -77.007461 38.879025
3510 1 59967588 -77.004006 38.89733
5580 3 59967587 -77.002041 38.889921
3210 1 59967583 -77.008946 38.879277
10020 4 59875658 -77.00043152592642 38.89053481623271
1990 0 58443108 -77.007052 38.87977
5640 1 59875653 -77.0058924940971 38.88809181623271
4400 1 59888750 -77.003 38.88756
5400 1 60035130 -77.01093955356362 38.89265581623271
5190 2 59875527 -77.00279 38.882096
4050 1 60035127 -77.010014 38.892172
4890 1 59875448 -77.001307 38.881282
5040 1 59875189 -77.008672 38.886034
2350 0 58677065 -77.002878 38.874509
2060 0 58677038 -77.000143 38.875196
2460 0 58677076 -77.006184 38.878882
4890 1 59875087 -77.001307 38.881282
4710 0 59875227 -77.008672 38.886034
4410 1 59874564 -77.004798 38.881958
4440 1 59875082 -77.008804 38.885062
4020 1 59875083 -77.004967 38.887608
4170 1 59875297 -77.004967 38.887608
3210 1 59967602 -77.006143 38.883408
3180 1 59874292 -77.00352 38.890261
3000 1 59967504 -77.008034 38.883213
2700 1 59967497 -77.005702 38.88981
4500 1 59874369 -77.013631 38.892637
2480 1 60240293 -77.003 38.88756
5280 3 58911797 -77.000127 38.895988
6000 3 59967596 -77.00706843938524 38.88389181623271
8820 2 59875312 -77.01093955356362 38.89265581623271
2108 1 57294120 -77.00914209999999 38.87842759999999
2250 0 52165905 -77.008619 38.878611
1723 1 52428426 -77.0035 38.8825
2505 1 59135799 -77.002878 38.874509
1850 0 51428163 -77.006668 38.871213
2695 1 52165878 -77.008014 38.878579
1930 0 58919310 -77.000379 38.874326
2250 1 58919264 -77.001522 38.874393
2110 0 59135815 -77.000143 38.875196
2535 1 58919353 -77.004299 38.874213
2467 1 53514319 -77.012921 38.872205
4000 2 60047762 -77.01569 38.881015
2100 1 60323174 -77.002882 38.897489
1995 0 47518465 -77.005605 38.878273
1948 0 52171431 -77.000778 38.874293
2350 2 60299355 -77.002864 38.892501
2000 1 60297306 -77.002272 38.897205
2250 1 59113427 -77.008127 38.877363
1475 0 51472772 -77.010512 38.896306
1845 1 55605895 -77.012429 38.871213
2450 0 60273658 -77.008557 38.875919
3000 2 60239969 -77.003287 38.886739
2000 1 50622535 -77.001391 38.898732
2200 1 59971698 -77.000778 38.881526
2500 1 59417812 -77.005163 38.88308
4150 1 59084762 -77.007864 38.87562
6145 2 59049894 -77.007864 38.87562
6995 2 59056360 -77.007864 38.87562
2475 1 60048502 -77.000348 38.874605
1850 1 57185046 -77.015457 38.87344
2500 1 60137105 -77.001778 38.881842
2360 1 54947075 -77.001895 38.893471
3700 2 59809189 -77.003287 38.886739
3600 2 60066180 -77.001853 38.89875
2099 1 59876146 -76.999951 38.886704
2400 1 48509727 -77.008557 38.875919
3800 2 59597221 -77.006305 38.877994
1882 0 59454913 -77.002671 38.891563
1882 0 59454914 -77.002671 38.891563
1890 0 58901328 -77.005139 38.884023
2467 1 58709285 -77.012413 38.871816
2050 2 59848303 -76.980584 38.870205
2250 2 56368835 -76.988873 38.844384
1100 2 55864076 -76.968312 38.870521
2550 3 56445985 -76.980253 38.867962
1600 2 59832668 -76.98666 38.867189
2500 3 59715147 -76.98886 38.858603
2500 2 60176854 -76.996309 38.84412
2050 2 59473365 -76.992017 38.857719
3100 3 60047846 -76.991397 38.862403
1895 2 59127557 -76.987923 38.857245
1850 2 60325669 -76.984198 38.861139
1495 1 60100945 -76.972113 38.863062
2414 3 56463586 -76.971933 38.85164
1800 2 56476024 -76.983443 38.866589
1200 1 60308122 -76.999463 38.845287
1200 1 60308123 -76.999463 38.845287
1750 2 60308118 -76.967041 38.854902
1200 1 60308121 -76.999463 38.845287
1850 2 60308108 -76.984198 38.861139
1500 1 59688442 -76.980159 38.867054
1399 1 59018923 -76.972624 38.855714
1332 2 56446960 -76.97052 38.868704
1383 1 59696401 -76.997129 38.858556
900 0 60275422 -76.967183 38.847063
1275 2 57546108 -76.987041 38.866054
2300 3 59671669 -76.977724 38.865062
2300 3 59747274 -76.980183 38.869658
2300 2 55385433 -76.987163 38.864081
1495 2 58493812 -76.991416 38.860283
1737 1 57976518 -76.970971 38.864018
2400 3 60143781 -76.980103 38.870293
2500 3 60115571 -76.967756 38.850821
1950 2 60127095 -76.979254 38.870012
5000 4 60134350 -76.985604 38.8661
3296 3 59873038 -76.973384 38.86898
2300 2 59747277 -76.969708 38.85668
2449 3 59649084 -76.979293 38.86684
2449 3 59649085 -76.979293 38.86684
1950 2 59907976 -76.995011 38.845641
1500 1 59504860 -76.980159 38.867054
1500 1 59504861 -76.980159 38.867054
1500 1 59504862 -76.980159 38.867054
1650 2 58887135 -76.983278 38.86484
1650 2 58887133 -76.983278 38.86484
1650 2 58887134 -76.983278 38.86484
2300 3 58073209 -76.980183 38.869658
1250 2 57857965 -76.998045 38.846344
2200 2 57890778 -76.969708 38.85668
3000 3 57929494 -76.982041 38.869621
2450 2 58048645 -76.982399 38.865519
1550 1 57857583 -76.983828 38.846599
2204 3 57857546 -76.967659 38.850352
1425 1 59985263 -76.982055 38.869862
5000 0 57795878 -76.982742 38.866462
2275 2 52094126 -76.99254 38.863546
2050 2 53418623 -76.995031 38.855498
1550 1 53432761 -76.991874 38.862734
3100 4 60088943 -76.989115 38.861022
2295 2 60077261 -76.988095 38.865336
2400 3 59931444 -76.979587 38.86963
1450 1 60036707 -76.970226 38.858334
1200 1 59570943 -76.979368 38.865559
1650 2 59283344 -76.996643 38.858966
2750 3 47429914 -76.982019 38.865116
2300 3 57480839 -76.979838 38.861762
2395 2 59210860 -76.984283 38.864978
2300 3 58017542 -76.980183 38.869658
1650 2 56107159 -76.980216 38.863658
2396 3 59835635 -76.983443 38.866589
1061 2 51453377 -76.971254 38.868445
1950 2 59946801 -76.979254 38.870012
2350 1 59166406 -76.98751 38.88082
5250 1 59875207 -76.97817652557463 38.890507816232706
6450 2 59967603 -76.979766 38.87768
2880 1 59967600 -76.977251 38.890024
5450 1 60035126 -76.99588552629126 38.89056281623271
6690 1 59888755 -76.97714455314664 38.89262381623271
4260 2 59967592 -76.977251 38.890024
5640 1 59874964 -76.97817652557463 38.890507816232706
3390 0 60029061 -76.988306 38.889119
2200 1 58679402 -76.992105 38.883298
2760 1 58444622 -76.995632 38.877679
2520 1 58444599 -76.996429 38.88782
1575 1 59128955 -76.979698 38.896563
1700 1 45286417 -76.977505 38.885984
2210 1 50509955 -76.977436 38.885984
1800 1 59128945 -76.979698 38.896563
1675 1 52428384 -76.997282 38.877273
2395 1 59740781 -76.989653 38.878929
2495 1 56451387 -76.995632 38.877679
1599 1 56450760 -76.97699 38.898704
2059 0 51424717 -76.993941 38.896368
2095 1 51420255 -76.990009 38.896368
1000 0 58062052 -76.999309 38.892185
1649 1 58980113 -76.992485 38.895948
2250 2 59527605 -76.976497 38.896615
2350 2 59889850 -76.981443 38.896529
2500 2 59536431 -76.976421 38.892796
1500 3 57857947 -76.974609 38.87409
1675 1 50553792 -76.981407 38.885559
3100 2 59694168 -76.994732 38.882866
2800 2 58448925 -76.977579 38.898458
2995 2 58198337 -76.98451 38.895294
2500 2 60325491 -76.983007 38.896796
1800 1 60265552 -76.989439 38.89875
2295 2 56453454 -76.981884 38.888526
5500 4 60316865 -76.988086 38.895464
2800 3 59547642 -76.971232 38.874724
2287 2 59597645 -76.983236 38.896796
1585 0 57905520 -76.990477 38.888442
2300 1 60296485 -76.999297 38.891373
1825 1 59286646 -76.973335 38.873151
3500 2 59454761 -76.983236 38.896796
2475 1 55820344 -76.987473 38.883322
1250 1 58637681 -76.998762 38.881077
1895 1 58293177 -76.995162 38.898253
3872 3 60092388 -76.971838 38.896767
1600 1 60269485 -76.974096 38.897124
1850 1 59760950 -76.982055 38.885526
1895 1 60264480 -76.993567 38.888155
1600 1 57557112 -76.977908 38.887753
1975 2 57888892 -76.987642 38.880872
3872 3 60256653 -76.981614 38.896262
3495 2 60229388 -76.991348 38.895832
1895 1 60205625 -76.989961 38.881023
3550 3 60205357 -76.984942 38.891397
2649 1 57857969 -76.981368 38.891856
1800 2 60134353 -76.969256 38.872165
4250 3 60100946 -76.978329 38.885499
3300 2 59937885 -76.994528 38.895326
1890 0 59771878 -76.986614 38.880539
2400 1 59721400 -76.98098 38.88782
2400 1 59627747 -76.990491 38.880336
4299 3 59597654 -76.973232 38.896273
1800 1 59541192 -76.986525 38.878269
1800 0 59765351 -76.988688 38.898253
2800 1 59036057 -76.999826 38.888898
2750 2 59596110 -76.981538 38.893585
4400 0 58103319 -76.98972 38.882322
3000 2 60172120 -76.973961 38.898193
2000 1 59808952 -76.9791947 38.8889732
3095 2 50215657 -76.976079 38.894948
2000 2 60108667 -76.966981 38.876679
4875 3 60108461 -76.980542 38.882973
1900 1 60107134 -76.992429 38.892159
2400 2 57588242 -76.970552 38.874326
2037 1 59454918 -76.995892 38.880353
2050 1 60036734 -76.998756 38.896471
2000 2 59436364 -76.980292 38.897826
2845 2 59661363 -76.983095 38.878273
2249 1 59927149 -76.98178 38.892826
1900 1 59489837 -76.981072 38.887909
3600 2 59951188 -76.994433 38.897848
3250 2 59426227 -76.991967 38.895343
3450 3 59918867 -76.978497 38.894659
1650 1 59480158 -76.979317 38.89595
1800 1 59533105 -76.986525 38.878269
2124 1 59685623 -76.99097 38.881107
2700 1 59536510 -76.994748 38.882919
1900 1 51546131 -76.981072 38.887909
1475 1 58729960 -76.978214 38.89595
4895 4 58554664 -76.985278 38.896974
1900 1 47464458 -76.978329 38.888526
3300 2 59833737 -76.977483 38.895615
750 1 55706556 -76.940059 38.817353
1313 1 51425276 -76.948001 38.826586
1398 1 51420195 -76.936001 38.841739
3500 3 57950274 -76.937984 38.809623
1495 1 55989516 -76.937084 38.840362
3499 3 52075420 -76.905575 38.807424
1950 1 56248712 -76.956274 38.804201
1650 2 60252265 -76.95481 38.835354
1700 2 59824674 -76.950788 38.838333
1999 2 60134366 -76.942499 38.837289
1600 1 60096326 -76.942499 38.837289
2300 3 59867109 -76.929962 38.828518
1650 2 60055165 -76.942509 38.837289
1500 1 59360605 -76.956404 38.832749
1550 1 59220877 -76.919209 38.836309
1550 2 58696927 -76.942499 38.837289
3600 5 57859037 -76.918496 38.812942
1750 2 57859073 -76.942499 38.837289
1100 1 60144825 -76.955555 38.834561
1600 2 60119874 -76.939119 38.796453
2800 4 60114612 -76.96457 38.828396
850 1 58318221 -76.939119 38.796453
4500 7 60049613 -76.907722 38.82202
2300 1 59836547 -76.913077 38.825083
1200 1 54829428 -76.904302 38.822229
1244 1 57332117 -76.9494677 38.8610523
8675 7 60153542 -76.966659 38.872249
1473 1 36170564 -76.941323 38.890963
1318 1 51425151 -76.912165 38.861762
1275 1 59339133 -76.952828 38.893249
1500 1 60203874 -76.954469 38.867235
2750 3 49865671 -76.918047 38.895368
1500 1 58212181 -76.918444 38.879205
2695 4 53929329 -76.924702 38.887625
2200 3 51211796 -76.916185 38.89681
2439 3 59356701 -76.933792 38.886363
1400 1 52424896 -76.933375 38.87666
1400 1 57997526 -76.924766 38.845514
1190 1 57619837 -76.930634 38.852769
1295 1 52173015 -76.901921 38.846887
2815 3 59406334 -76.930965 38.888316
1750 3 60308563 -76.913747 38.896549
2250 3 59710470 -76.948061 38.861235
3750 4 60296331 -76.926129 38.852171
1450 1 60294710 -76.914125 38.896288
4150 5 60099117 -76.938392 38.867215
1325 1 57056330 -76.92884 38.881836
1250 1 57066531 -76.941665 38.892856
1425 1 55989524 -76.919595 38.859171
1240 2 53782090 -76.934461 38.886015
1069 1 60107946 -76.94337 38.883739
1039 0 57178401 -76.939649 38.892563
1400 1 58352584 -76.925674 38.845583
1150 1 55864077 -76.934738 38.883239
1400 2 59554016 -76.917286 38.867462
2261 3 59367464 -76.952469 38.892353
2300 3 60264141 -76.929774 38.885363
1850 2 60079603 -76.939786 38.895448
2800 3 60221186 -76.957872 38.861615
1950 2 60211238 -76.921101 38.852498
1850 3 60209331 -76.932634 38.857672
2000 2 60205738 -76.927163 38.893326
3500 3 59097758 -76.921659 38.898778
2990 4 60152427 -76.959411 38.875468
3200 5 60127098 -76.933449 38.876679
1545 2 60115572 -76.964562 38.875213
2200 2 60059343 -76.965489 38.869834
1300 1 59991711 -76.931489 38.877205
1850 3 59721401 -76.965016 38.875282
1800 1 59624706 -76.922379 38.884023
2150 2 59663756 -76.965089 38.87544
1800 1 59624703 -76.922379 38.884023
1800 1 59624704 -76.922379 38.884023
1800 1 59624705 -76.922379 38.884023
2700 3 59159667 -76.965515 38.850164
1900 2 59159665 -76.936375 38.889511
1750 2 59014614 -76.953213 38.863734
5000 6 59597644 -76.924056 38.887169
6500 4 58780775 -76.966659 38.872249
1500 1 58832460 -76.928888 38.884228
1565 1 58643076 -76.936588 38.895373
2900 3 58809602 -76.925644 38.889121
2476 3 57857778 -76.931892 38.880858
1850 2 57857610 -76.96453 38.874946
2870 2 52619601 -76.960962 38.877468
2900 3 59738013 -76.928888 38.876363
1875 2 58582927 -76.939254 38.890489
1306 1 60167062 -76.920826 38.898533
2150 2 60150946 -76.965489 38.869834
3500 3 57237835 -76.965935 38.853032
1500 2 41377980 -76.901908 38.880035
2500 2 53764708 -76.939 38.8919
1350 1 59865108 -76.948061 38.861235
2795 4 60067022 -76.917647 38.886186
1250 1 59384270 -76.92272 38.894294
2299 2 59478542 -76.925832 38.887304
4250 4 60013828 -76.925674 38.889984
2800 5 59012094 -76.915348 38.895615
1600 2 59763691 -76.933392 38.885928
1490 1 50095581 -76.965106 38.851755
1500 2 48220090 -76.949654 38.864127
2600 2 59034357 -76.951099 38.89007
2089 2 59408581 -76.952116 38.892294
1962 1 59408580 -76.952116 38.892294
2500 2 59560564 -76.928858 38.88561
1575 2 50105798 -76.965106 38.851755
3191 4 49962583 -76.932266 38.880872
1668 2 47761046 -76.932449 38.881077
2415 3 47506041 -76.932266 38.880872
3200 4 59207838 -76.940479 38.878846
1950 3 58847817 -76.96553 38.852844
1000 1 57857736 -76.930286 38.878225
2450 4 60164769 -76.938808 38.876816
1300 1 60044519 -76.93556 38.893145
1850 2 59061595 -76.952252 38.892145
2250 2 60093016 -76.922081 38.895615
2475 3 60244515 -76.907622 38.888002
1300 1 60091956 -76.963479 38.852277
2410 0 58364609 -77.030519 38.904041
3080 1 39464132 -77.032946 38.909916
2203 0 23611664 -77.017991 38.901549
1855 0 17811061 -77.017117 38.900938
3068 1 3100066 -77.028769 38.904076
3570 1 59967568 -77.0184 38.9095
3300 1 59967604 -77.030141 38.909289
6060 2 59967586 -77.025679 38.907701
6750 1 59875699 -77.024489 38.90035
2600 1 58679409 -77.01875 38.900719
3210 0 59967572 -77.030497 38.911874
3720 1 59875543 -77.030141 38.909289
4320 2 59967576 -77.030141 38.909289
2850 1 58679372 -77.032257 38.908278
6000 2 59874423 -77.030892 38.909849
3450 1 59875843 -77.030141 38.909289
3360 1 59967510 -77.030497 38.911874
2170 0 58442494 -77.01775 38.90474
2620 0 58444356 -77.024238 38.906448
3210 1 59875776 -77.025429 38.906567
3280 1 58444819 -77.032946 38.909916
3920 2 59224065 -77.025718 38.906549
2100 0 59150433 -77.030519 38.904041
3030 1 58443145 -77.016584 38.900539
3380 1 58679421 -77.030186 38.906022
2225 0 22915924 -77.019253 38.898974
4870 2 59888745 -77.02796578697391 38.910559816232706
2610 0 58944322 -77.019253 38.898974
2350 0 58443066 -77.017117 38.900938
4685 3 41853224 -77.026681 38.909966
1991 0 59097479 -77.0221719 38.9102561
1600 1 56324759 -77.024267 38.905399
1379 1 55314648 -77.018034 38.902459
2195 1 55433187 -77.030036 38.906519
3295 2 56458324 -77.029001 38.90541
1417 0 59887653 -77.025758 38.907487
2650 1 60100944 -77.02474 38.905296
3500 2 58741003 -77.020213 38.911608
2449 1 58912548 -77.026651 38.904852
3200 2 50437225 -77.030361 38.908938
3105 1 51430444 -77.032946 38.909916
1680 0 51421502 -77.017742 38.90341
1975 0 56445658 -77.027818 38.905175
2400 1 57674948 -77.030627 38.904722
2019 0 47970223 -77.017248 38.90394
2500 0 60207976 -77.031769 38.904263
3200 1 60308100 -77.024267 38.90786
2300 1 47030304 -77.021726 38.899501
4050 3 60293042 -77.020238 38.911543
2043 0 47402412 -77.01875 38.900719
2495 1 59840725 -77.026559 38.905816
2900 2 58977534 -77.019223 38.908722
1599 1 59479813 -77.01648 38.906087
6450 4 59103314 -77.029032 38.907438
2200 0 59172049 -77.021726 38.899501
1875 1 60262119 -77.026367 38.910529
2495 1 59826035 -77.026559 38.905816
2650 1 60098695 -77.02474 38.905296
3850 2 59117228 -77.027833 38.902208
4350 2 60239863 -77.031331 38.910836
2550 1 60238987 -77.025796 38.90441
4350 2 60231617 -77.031331 38.910836
2295 1 60230615 -77.016947 38.905461
3100 1 59971699 -77.02474 38.905296
3995 3 60217033 -77.019168 38.909405
2200 2 59822677 -77.026769 38.907031
2800 2 60200508 -77.017547 38.91093
3800 2 59971703 -77.021726 38.899501
2500 1 59867083 -77.018312 38.902786
2200 1 59830921 -77.030957 38.90706
3995 2 59747273 -77.029341 38.90694
2500 1 59462908 -77.032991 38.911306
2895 2 47226520 -77.018439 38.906302
2200 1 60119780 -77.019609 38.900263
3995 3 60013829 -77.03228 38.909363
3995 3 60013830 -77.03228 38.909363
2750 2 59271612 -77.019186 38.904719
1875 0 58359061 -77.017142 38.90494
3500 2 59833719 -77.027833 38.902208
3100 1 55143501 -77.027894 38.909964
4900 4 59454534 -77.019508 38.907438
2850 1 58187219 -77.018312 38.902786
2444 0 58598734 -77.032492 38.914253
1944 0 59958444 -77.025029 38.921219
1830 0 52032279 -77.023702 38.918898
4700 3 48618343 -77.02462 38.917595
3150 1 59967599 -77.032101 38.914839
8010 5 59967585 -77.021795 38.924896
4260 2 59888744 -77.021795 38.924896
5100 1 59891144 -77.029706 38.925448
3840 0 59967516 -77.032101 38.914839
3600 1 59874310 -77.032101 38.914839
3760 1 59888741 -77.03302684910308 38.91532281623271
3600 1 59967552 -77.030006 38.913374
2380 1 58677004 -77.020769 38.915314
4460 2 58679610 -77.01983 38.916684
2230 0 58444846 -77.022599 38.916253
3610 1 59888747 -77.0251578489074 38.91530781623271
2250 0 58442474 -77.023243 38.916268
2530 1 58444509 -77.032133 38.921129
1420 1 56485665 -77.024981 38.918444
1970 1 57955381 -77.030078 38.924276
2100 2 60045469 -77.031549 38.921547
2872 2 56460892 -77.027328 38.923983
2575 2 46371724 -77.018328 38.915268
1045 1 51228231 -77.028243 38.923555
1250 0 40042565 -77.030638 38.924533
1600 2 60323561 -77.023204 38.924343
1699 0 52211385 -77.03073 38.924888
2350 0 55432701 -77.031638 38.916012
1697 0 55442283 -77.032475 38.919031
2222 1 51446570 -77.031808 38.925115
4400 3 59941682 -77.016728 38.913912
1699 0 60316783 -77.03073 38.924888
2195 1 59975709 -77.031324 38.923441
3600 2 59065129 -77.023858 38.926199
1879 1 59941404 -77.024158 38.914647
1879 1 59941405 -77.024158 38.914647
1540 4 55437844 -77.020238 38.913709
3750 2 60267205 -77.030228 38.922674
2200 1 59136273 -77.023158 38.926207
3500 2 53716114 -77.029318 38.917173
2650 2 60265551 -77.030592 38.918985
1500 6 59670135 -77.024802 38.923832
2400 1 60261498 -77.032722 38.925199
2150 1 57931106 -77.031005 38.923962
3500 1 60242260 -77.029001 38.924555
4100 3 60240080 -77.018344 38.914268
3995 3 58682464 -77.023196 38.914709
2249 1 60204908 -77.025055 38.918776
3700 2 60204443 -77.032437 38.919292
3250 2 60144618 -77.029875 38.920888
14000 3 60137401 -77.03281 38.916209
2900 2 60137400 -77.018277 38.914898
2500 1 59898435 -77.031549 38.917842
2900 1 59997544 -77.025419 38.918286
4250 2 59675736 -77.026046 38.926115
2800 1 59001877 -77.027779 38.91662
2000 2 58892949 -77.023285 38.924338
12000 2 58073212 -77.031357 38.912761
3000 1 57857609 -77.025485 38.915353
3200 1 60131157 -77.031575 38.918972
4500 2 59682208 -77.023666 38.916362
1300 1 60168921 -77.025359 38.925056
3695 2 60150945 -77.030575 38.923933
1985 1 59979150 -77.024858 38.924129
3355 2 52969905 -77.030213 38.92392
3170 2 59876273 -77.030748 38.923441
2500 2 59570983 -77.030969 38.924547
3000 1 59699001 -77.032716 38.918879
1500 6 58524147 -77.016868 38.913111
5100 2 58511483 -77.028559 38.925944
2150 2 60293483 -77.019133 38.914906
2150 1 59543454 -77.007143 38.907539
2235 0 58405201 -77.012609 38.900771
1899 0 60189626 -77.007001 38.904099
2010 0 31461194 -77.005467 38.902786
1899 0 24277178 -77.007505 38.904399
2757 1 51168677 -77.000505 38.907479
2033 0 23329282 -77.007014 38.905454
2061 0 22917503 -77.006233 38.905152
3900 1 59967582 -77.009344 38.90252
3360 1 59875540 -77.009045 38.9126
2910 2 59082846 -77.000882 38.901523
3750 1 59874319 -77.010302 38.911337
3210 1 59875341 -77.0101667673325 38.909053816232706
2130 0 58443740 -77.000882 38.901523
4910 2 59874367 -77.008846 38.910709
2240 0 58442643 -77.00776 38.906684
4050 1 59875826 -77.0101667673325 38.909053816232706
6150 2 59875829 -77.00993964277572 38.89950081623271
2280 1 58677011 -77.001822 38.900399
2380 0 58844050 -77.006233 38.905152
1824 0 22915261 -77.000882 38.901523
4110 1 59874375 -77.00622877737474 38.90982381623271
7340 4 59874254 -77.01111580062984 38.91160681623271
2410 1 58442541 -77.01148 38.904657
3210 1 59875425 -77.0101667673325 38.909053816232706
1952 0 58611912 -77.009591 38.9074459
1845 0 57559526 -77.008594 38.910323
1840 0 47080821 -77.001752 38.908705
1882 0 47649706 -77.001822 38.900399
1895 1 59539722 -77.015742 38.905539
2395 1 59315966 -77.007505 38.910377
2650 2 58990346 -77.003152 38.901719
1888 0 54798146 -77.01148 38.904657
2100 0 60322763 -77.003619 38.911972
2200 1 59965824 -77.009987 38.907422
2055 1 24477057 -77.000505 38.907479
2675 2 59661751 -77.015661 38.909448
1599 1 59479813 -77.01648 38.906087
2600 1 60200511 -77.0133 38.906175
2600 1 60200513 -77.0133 38.906175
2700 2 58928018 -77.011736 38.906149
3000 1 60100943 -77.003619 38.911972
2799 0 59873037 -77.00853 38.906057
2650 1 59857482 -77.015498 38.900095
1995 0 59782941 -77.00853 38.906057
3350 1 59815436 -77.003348 38.901183
2250 2 60142248 -77.011065 38.912066
3500 2 53486300 -77.015991 38.905491
2150 1 59735073 -77.009449 38.909243
2279 1 59678123 -77.007505 38.910377
2700 2 51201227 -77.011004 38.917912
4290 0 59888724 -77.00997081989544 38.91308381623271
4260 1 59875135 -77.009252 38.9181
4620 1 59888726 -77.00978481990849 38.91308481623271
1300 0 51558988 -77.00276 38.920888
2400 1 59888725 -77.01028494739458 38.92285581623271
2800 1 59888748 -77.01444188460276 38.91804381623271
4520 1 59888728 -77.00997081989544 38.91308381623271
3350 3 59087457 -77.004738 38.916125
1950 1 57162999 -77.0155082 38.9133394
3700 3 60142249 -77.004605 38.912747
3250 3 59385550 -77.008305 38.914353
1691 0 51429675 -77.003453 38.919481
2200 2 56631240 -77.013262 38.914286
1405 1 60316815 -77.00176 38.91679
1980 2 60050440 -77.014947 38.913104
1071 0 59994507 -77.001391 38.919004
3600 3 57178402 -77.007287 38.915761
2500 1 57159724 -77.006738 38.917314
1900 1 60269491 -77.016073 38.916954
4200 3 59797472 -77.007453 38.915348
1600 1 59574084 -77.014206 38.913451
1699 0 57423885 -77.015413 38.91562
1850 0 58118600 -77.010584 38.915906
2200 2 26253248 -77.0009978 38.917916
3900 2 60229483 -77.008722 38.913111
2400 2 60221694 -77.000864 38.919333
4850 4 59036775 -77.008075 38.916142
2800 2 60200516 -77.015443 38.913747
2600 2 59901474 -77.008752 38.913928
1950 1 59983140 -77.009957 38.921529
1850 1 60197164 -77.002287 38.917348
1950 1 59813030 -77.002287 38.917348
1995 1 59971683 -77.014495 38.912943
2100 1 59688444 -77.000263 38.923602
2250 2 59694072 -77.009752 38.91685
1995 2 59236413 -77.012413 38.920962
1900 1 59596112 -77.0103 38.913539
2500 2 60124640 -77.006035 38.917565
1950 1 60081108 -77.00131 38.924276
3200 2 46397284 -77.014133 38.91279
2250 2 59900715 -77.012439 38.917595
3675 3 48281801 -77.009895 38.916776
1650 1 48281800 -77.009895 38.916776
2950 2 60027844 -77.00249 38.915761
4295 5 59646806 -77.009272 38.921163
4200 3 59927011 -77.008258 38.926434
2450 1 58401858 -77.012661 38.914268
3400 2 54078934 -77.009379 38.914451
5600 4 59994816 -77.008143 38.914972
4245 3 60322694 -77.027132 38.928367
1955 1 59146990 -77.024758 38.937493
4050 3 51908913 -77.031109 38.926533
2880 2 58679251 -77.032451 38.937973
1985 2 24281364 -77.025413 38.932587
1580 0 57117911 -77.024143 38.937892
1499 0 59255521 -77.030575 38.929888
3600 3 59079760 -77.020537 38.932153
1144 0 57768816 -77.029447 38.938859
1150 1 58513494 -77.029498 38.932294
2875 2 48853839 -77.031911 38.930153
1695 1 60088828 -77.024875 38.93371
1400 1 59795476 -77.025399 38.943513
1395 1 59223508 -77.024419 38.943479
1995 2 59271611 -77.031036 38.929888
2199 2 58861204 -77.023585 38.929434
1700 1 59112786 -77.021648 38.928888
2895 2 60322741 -77.021696 38.936069
1995 1 60322742 -77.022132 38.936313
2204 1 57383126 -77.028485 38.930878
1800 1 60193772 -77.024046 38.932634
1925 1 58342433 -77.030423 38.931233
3140 3 60296036 -77.030419 38.941639
3100 2 60295628 -77.032475 38.935592
1550 1 57723287 -77.031589 38.930375
2109 1 54694313 -77.029419 38.928471
2050 1 59737936 -77.027894 38.931122
1849 1 51448049 -77.025196 38.939551
3000 2 59477759 -77.024328 38.927367
750 1 44186829 -77.019868 38.928379
1347 1 60269478 -77.029544 38.927175
1248 1 60269480 -77.029544 38.927175
1473 1 60269475 -77.029544 38.927175
2760 1 60269473 -77.029544 38.927175
2895 3 58461829 -77.025979 38.929188
1900 0 59313112 -77.031603 38.929888
1799 1 59436401 -77.026718 38.92757
3250 2 60265760 -77.032409 38.934105
1650 1 41259004 -77.027213 38.933692
1900 2 46482259 -77.016742 38.947859
1750 1 51112275 -77.027502 38.933992
1950 1 60209356 -77.031 38.9327
3299 2 59844110 -77.021318 38.933178
2250 1 60079600 -77.030786 38.930808
3295 2 59286645 -77.018569 38.940112
1299 1 60109028 -77.02162 38.933189
3300 3 47046056 -77.024318 38.927644
4300 3 60219382 -77.029981 38.930369
1350 1 50152172 -77.020063 38.928637
3850 3 46230077 -77.022088 38.937069
4300 3 60204898 -77.029981 38.930369
3500 3 59401553 -77.016854 38.941582
2200 1 59715146 -77.026176 38.943284
3300 2 59853002 -77.01883 38.930649
3200 2 60161875 -77.023537 38.927674
4850 3 60161874 -77.02282 38.934011
3200 2 60086274 -77.022779 38.933254
3300 3 60055151 -77.032393 38.933303
3200 1 59993147 -77.027328 38.9487
3500 2 59993145 -77.027328 38.9487
2700 2 59889847 -77.027574 38.927223
2150 1 59857480 -77.024648 38.934342
6999 6 59879810 -77.024666 38.945347
4500 3 59682762 -77.031984 38.93777
3500 2 59556559 -77.032488 38.929796
2950 2 59266956 -77.026001 38.932654
3300 2 59130849 -77.023802 38.93503
2300 1 59130850 -77.023802 38.93503
1800 1 59227982 -77.02651 38.943447
4400 4 54755404 -77.025537 38.943806
1700 1 60150732 -77.025537 38.943806
2300 1 45508044 -77.026099 38.930675
1500 0 60119671 -77.021585 38.946135
3299 2 56972234 -77.023902 38.931908
3495 3 60099087 -77.019658 38.933984
2349 1 55232449 -77.032349 38.937136
2295 1 46513132 -77.024648 38.939418
2900 2 60070462 -77.025796 38.951672
2300 1 59724142 -77.020788 38.936923
1700 1 60067033 -77.021883 38.937878
2849 2 60064640 -77.032275 38.938822
2799 2 50408063 -77.030257 38.930869
4400 3 59998344 -77.024429 38.926826
5000 4 59366546 -77.027176 38.928547
2450 1 59548441 -77.029544 38.933046
2999 2 59382148 -77.030592 38.933369
2900 2 59082014 -77.030022 38.929129
2000 1 59246175 -77.023158 38.930272
4500 3 59564807 -77.025613 38.926598
2195 1 59570891 -77.032488 38.929796
3495 3 59749717 -77.020666 38.92904
3750 3 59539542 -77.022032 38.936692
2850 2 59291846 -77.023599 38.942187
5036 0 52524863 -77.029046 38.928385
2800 2 59449195 -77.0199 38.9528
2850 2 58874945 -77.032475 38.936286
1763 1 55757094 -77.006224 38.944262
1700 1 59024518 -77.003816 38.943036
4000 4 60001413 -77.004882 38.941974
1350 1 58721115 -77.006049 38.943332
1448 1 59669795 -77.006633 38.945017
2800 2 60308110 -77.016153 38.941284
1399 0 60295115 -77.008119 38.951932
1400 1 60293044 -77.009423 38.953858
3400 3 59808828 -77.016344 38.947955
1700 1 57857804 -77.002914 38.943408
1700 1 58005414 -77.015429 38.95089
2450 2 59971692 -77.008049 38.952866
2800 3 58825701 -77.003467 38.943754
1495 1 60150947 -77.013684 38.942849
1750 1 60013831 -77.006387 38.943898
1580 1 59933565 -77.013798 38.944565
3350 2 60289181 -76.996604 38.900358
3100 1 58135191 -76.999149 38.909491
2470 1 58997444 -76.997389 38.89995
3125 3 47805774 -76.985599 38.904622
3120 1 59967561 -76.993862 38.921982
6840 2 59875463 -76.993862 38.921982
2950 1 59888729 -76.98832476055097 38.90853381623271
2140 1 58442756 -76.990986 38.900057
1910 1 57095295 -76.999149 38.909491
1995 2 58652466 -76.983742 38.904794
1700 2 42952381 -76.990129 38.924802
1625 2 56907094 -76.987034 38.909684
2400 2 49111771 -76.990024 38.899778
3550 4 59454760 -76.98786 38.905479
3100 2 59889846 -76.988473 38.900679
1725 2 59562328 -76.984842 38.907523
3149 2 59138892 -76.986577 38.899124
3649 3 59037836 -76.985342 38.901422
875 1 36301746 -76.984742 38.908679
1475 1 34906735 -76.986951 38.9126742
1925 1 59510717 -76.986325 38.901448
2255 2 56356469 -76.986501 38.909523
2245 1 58095341 -76.985216 38.900363
1695 1 60325489 -76.984021 38.909239
3035 2 56479816 -76.985103 38.903114
1259 1 59479845 -76.987604 38.903022
2860 1 48095363 -76.998062 38.907302
2250 2 60316965 -76.988677 38.906422
1990 2 59853004 -76.987542 38.908581
1990 2 59853005 -76.987542 38.908581
1850 1 59552392 -76.990129 38.924637
4500 4 59597652 -76.98786 38.904296
1250 1 60293832 -76.984368 38.909372
1577 1 60125244 -76.986923 38.921276
1240 0 60210417 -76.996913 38.922067
2495 1 57455457 -76.996604 38.900358
1640 1 59886295 -76.986836 38.902684
1500 1 60251536 -76.983798 38.90374
2400 3 60227037 -76.987584 38.909684
1550 1 48402249 -76.998986 38.906333
2495 2 60205626 -76.999226 38.924699
2550 3 60204975 -76.985501 38.906519
1800 1 60198247 -76.990874 38.899932
2200 1 60156881 -76.988128 38.899743
4000 2 60170418 -76.985007 38.913066
2395 2 60127097 -76.984542 38.913021
1850 1 59971697 -76.993364 38.90359
1368 1 59971686 -76.983809 38.912674
1850 1 59924993 -76.987677 38.908461
2275 1 59777037 -76.996604 38.900358
2100 2 59824648 -76.98666 38.910004
6000 4 59522295 -76.987653 38.901878
1675 1 60027343 -76.989706 38.912539
4000 3 59403024 -76.999282 38.925146
1700 2 59294261 -76.987653 38.910139
2600 3 58504771 -76.986858 38.912529
2500 3 58442100 -76.988501 38.907487
1950 2 60195982 -76.983677 38.908705
2900 3 59951551 -76.983426 38.904657
4150 3 60142365 -76.985714 38.902239
2200 1 60141530 -76.999695 38.902455
2750 2 52121302 -76.985072 38.909622
6500 6 59713443 -76.987342 38.901166
1600 1 47932801 -76.984898 38.920001
2650 3 59271668 -76.988115 38.902816
3800 4 59564264 -76.990024 38.92372
1595 1 59480975 -76.986128 38.921343
2300 2 59951190 -76.987495 38.910292
3795 3 59298984 -76.986577 38.908916
1599 1 57250138 -76.985569 38.913353
1699 1 59044038 -76.985569 38.913353
1450 1 59689281 -76.985495 38.909031
3600 3 59463453 -76.990463 38.899205
2822 2 59454910 -76.983542 38.904099
1950 1 59934369 -76.989706 38.912539
1850 0 53183379 -76.978977 38.900127
2450 1 59170519 -76.979226 38.902953
3900 1 59874330 -76.973206 38.904792
8760 2 59875097 -76.97413171806599 38.90527581623271
1863 1 60029111 -76.9806411 38.9048622
3300 2 59930749 -76.98172 38.90541
1745 1 58217993 -76.979226 38.902953
1675 1 56259738 -76.979214 38.90506
2100 2 58151377 -76.97499 38.922199
1600 1 56450871 -76.981069 38.904183
1850 1 59541189 -76.980278 38.906152
2600 2 59181631 -76.97599 38.900953
2395 2 59034354 -76.97599 38.900694
2670 3 59454896 -76.977125 38.900014
1750 1 57931085 -76.981439 38.904982
3000 3 59104376 -76.979912 38.90386
1476 1 59420968 -76.981236 38.905454
1657 2 60297004 -76.974421 38.92257
1500 1 59822104 -76.97599 38.901657
2200 2 41785370 -76.981951 38.925958
2850 2 60100947 -76.974453 38.900422
1474 1 60107953 -76.981407 38.925276
2150 2 60047465 -76.980858 38.906149
1700 2 59225817 -76.977214 38.899253
1599 1 56834502 -76.976497 38.902575
1650 0 58050363 -76.979908 38.903239
2850 2 59848309 -76.974453 38.900422
1750 2 59439928 -76.983069 38.903422
1795 1 60106251 -76.975944 38.902448
1650 1 60091957 -76.975933 38.902657
2090 1 60134351 -76.976852 38.901539
2950 2 60022083 -76.979449 38.902664
4500 3 59930750 -76.98172 38.90541
1599 1 59824653 -76.976497 38.902575
1450 1 59574086 -76.975944 38.902358
3600 3 59196415 -76.978829 38.903152
3000 2 58983463 -76.979933 38.902657
1450 1 59574083 -76.975944 38.902358
1495 1 60036708 -76.974417 38.902553
1500 1 59177602 -76.982614 38.902816
1550 1 49045947 -76.977368 38.906324
1850 2 53468332 -76.981828 38.903768
3000 2 59513734 -76.980216 38.903003
1750 1 58778468 -76.981473 38.905022
3200 3 58849365 -76.978417 38.904252
1499 1 59255502 -76.981342 38.905278
4000 3 58599355 -76.975378 38.9058
2425 1 57194197 -76.990762 38.935878
1643 0 58883978 -76.990762 38.935878
1275 1 57903648 -76.9915 38.933664
2200 1 59491597 -76.994704 38.93971
1925 1 58614637 -76.976952 38.927933
1350 1 55633622 -76.97599 38.934575
1795 1 60321118 -76.994704 38.940868
1600 1 56464967 -76.977505 38.929232
1700 2 55474112 -76.97099 38.948168
1100 1 52521168 -76.97367 38.947849
2100 2 56449846 -76.9926 38.9381
3300 4 58729671 -76.993282 38.929958
1200 1 60308559 -76.976031 38.953469
5000 4 60308134 -76.974006 38.936792
2100 2 59563598 -76.992932 38.941924
4100 4 59980930 -76.989128 38.944535
2200 2 52764529 -76.995226 38.938509
1793 1 58944364 -76.973417 38.930084
2400 2 59736571 -76.991206 38.930294
1200 1 58401753 -76.990748 38.936001
5200 3 60269038 -76.989325 38.951429
3750 2 60198410 -76.99077 38.926637
2000 2 59971682 -76.996024 38.940466
3300 3 59630897 -76.979044 38.937965
3050 2 60079601 -76.995459 38.929585
4500 3 60059344 -76.987216 38.939476
2350 2 60038648 -76.977912 38.928547
2200 2 59945388 -76.997515 38.926699
2200 2 59945389 -76.997515 38.926699
2900 3 59873034 -76.993433 38.929207
2300 2 59397347 -76.994726 38.952071
1495 1 60127805 -76.973017 38.930984
2200 2 52762538 -76.995226 38.938509
3150 3 59539572 -76.991433 38.92778
2850 3 59080239 -76.966839 38.934272
2995 3 59844669 -76.995234 38.946609
3450 3 57525734 -76.990491 38.942541
6000 0 54091041 -76.976952 38.927933
1600 1 59973369 -76.977505 38.929232
3900 4 60210953 -76.997371 38.926699
1649 1 38431057 -77.0322258 38.9627871
3900 1 59875114 -77.008879 38.957026
3560 1 59888743 -77.01000243084154 38.95986581623271
1196 1 57089371 -77.030823 38.974006
1250 0 57477274 -77.027956 38.965662
1052 0 52178354 -77.015885 38.97373
2500 2 58376062 -77.022574 38.956828
1050 1 55900294 -77.016117 38.974096
1595 1 56815014 -77.02429 38.957145
1800 1 56722905 -77.026702 38.978479
1200 1 59130847 -77.025544 38.95654
2375 2 58369980 -77.011004 38.955672
2100 2 58224365 -77.027637 38.957102
2200 2 58216142 -77.020176 38.95669
2800 2 60324412 -77.029455 38.955283
1600 1 59227983 -77.026055 38.957872
1730 0 51421594 -77.018893 38.975587
3500 2 60308469 -77.004549 38.971288
1400 0 60273339 -77.023132 38.957644
1650 1 59255496 -77.030786 38.959629
1350 0 59822530 -77.033053 38.969179
2300 1 60292586 -77.027613 38.976925
2249 2 59520326 -77.010409 38.955945
2495 2 58983929 -77.024844 38.956158
1595 1 47517969 -77.033053 38.969179
4000 2 59401527 -77.026858 38.956429
4199 4 60209893 -77.023529 38.958669
8200 7 52769393 -77.0283 38.9773
3200 2 53561793 -77.0283 38.9773
4100 3 60149244 -77.004035 38.966589
400 1 54358869 -77.018396 38.963971
2200 1 60200523 -77.032554 38.96
3500 3 59274618 -77.006163 38.965256
4800 4 58324365 -77.022666 38.969431
1999 1 60118961 -77.026883 38.971193
3600 4 60091139 -77.016439 38.962997
2999 3 60091140 -77.016439 38.962997
3200 2 60069164 -77.018289 38.975182
2300 1 60049006 -77.026666 38.978173
3000 2 59920191 -77.031834 38.960016
1795 1 59824654 -77.026367 38.975548
3450 3 59777040 -77.028559 38.957071
1595 0 59688443 -77.026367 38.975548
3000 2 60004841 -77.026779 38.978173
3750 2 60004842 -77.026779 38.978173
3000 3 59597657 -77.025399 38.955372
3750 2 59556577 -77.026779 38.978173
1450 1 59483099 -77.022651 38.963419
3400 3 59365654 -77.021341 38.964192
4650 4 59360574 -77.031361 38.958872
5000 3 57857942 -77.026403 38.956071
3000 2 59556457 -77.026779 38.978173
2800 1 59776117 -77.028318 38.973065
3000 2 59179774 -77.018011 38.954839
4000 3 56949096 -77.009322 38.955766
1995 1 60047902 -77.010684 38.955572
1650 1 60036733 -77.0283 38.9773
1912 1 58435008 -77.026176 38.977925
1950 1 59933706 -77.020238 38.956669
4200 3 60011719 -77.008184 38.97834
1699 1 60006540 -77.013854 38.956796
1500 1 59542101 -77.030971 38.961459
2750 2 59810046 -77.028429 38.957071
4542 4 57164866 -77.025674 38.958213
4978 4 59774080 -77.02674 38.955629
3450 3 58884117 -77.026894 38.966303
1800 1 58884121 -77.026894 38.966303
3100 3 49028772 -77.013989 38.958456
3500 3 58854440 -77.029455 38.961943
1750 1 52544181 -77.029132 38.960856
1350 0 60305631 -77.011312 38.957026
1950 1 58530818 -77.026883 38.971193
3500 3 58919623 -77.028559 38.957071
1707 0 16555423 -77.027788 38.989577
1363 0 51417809 -77.023252 38.99385
2066 1 58264998 -77.028334 38.99177
1599 0 53910807 -77.01663 38.993629
1920 0 58677624 -77.030376 38.995788
2600 1 58680070 -77.029818 38.990348
1560 0 37511811 -77.030376 38.995787
1400 0 51439912 -77.025613 38.999559
1640 0 51426454 -77.025063 38.998429
1438 0 48538619 -77.031318 38.990477
1375 1 56457603 -77.000882 38.991799
1595 2 59940459 -77.006453 39.000853
1895 2 59925992 -77.000549 38.992986
1895 1 59375991 -77.029599 38.98898
2000 1 60101640 -77.013768 39.004196
1510 0 51414842 -77.026585 38.999528
1895 2 46901841 -77.009108 38.998832
1835 1 48172677 -77.032419 38.997732
4500 4 60302741 -77.032638 39.008224
1650 1 42168178 -77.022671 38.983099
1900 1 60079626 -77.000258 38.990011
1695 2 60276527 -77.0077 38.982244
2000 1 59954683 -77.012312 39.002557
1450 1 56487008 -77.00131 38.99171
1450 1 59876948 -77.001391 38.994118
1490 1 26419411 -77.014931 38.993809
1450 1 56674631 -77.002354 38.996433
3100 2 58906595 -77.026802 38.982828
1400 1 60250403 -77.031852 38.99685
1850 1 59522718 -77.017495 38.993762
1500 1 60209310 -77.002564 38.995629
1984 2 60200853 -77.002423 38.995348
1295 2 60173575 -77.007272 38.99965
6700 4 60113853 -77.006987 38.986103
1600 2 60069182 -77.012626 39.002814
2020 2 60059351 -77.012312 39.002557
1500 1 59932034 -77.002564 38.995629
1400 1 59937912 -77.002564 38.995629
2500 2 59541215 -77.014025 38.991076
2350 2 59470362 -77.025243 38.994696
3900 3 59084753 -77.028032 38.984278
1600 1 60141832 -77.012626 39.002814
3400 3 59638855 -77.007299 38.994085
1560 1 55091306 -76.976987 39.007119
1648 1 34306820 -76.985216 38.963192
1662 1 59261962 -76.98872 38.95469
1610 2 55438171 -76.997472 38.972088
1029 0 51452369 -76.998059 38.96788
1408 1 34204408 -76.980951 38.956914
1562 1 51440481 -76.972609 39.005931
1895 2 59174858 -76.9994 38.9818
1650 0 59944014 -76.98778 38.982538
2000 3 59790177 -76.998986 38.989653
1595 1 56466738 -76.997173 38.982714
1795 2 57462727 -76.999371 38.992011
1100 0 55946136 -76.991704 38.97387
2400 3 60318425 -76.993076 39.000449
1210 0 60275412 -76.979412 39.008083
3500 0 58391361 -76.98621 38.987761
598 1 55807963 -76.976908 38.989222
1310 0 42168180 -76.983459 39.000052
1375 1 55045945 -76.998788 38.967273
1500 1 56471394 -76.995752 38.981502
2900 3 57688153 -76.9994 38.9818
5000 3 60254961 -76.998594 38.978548
1970 3 60197858 -76.998967 38.982942
1600 1 60134364 -76.991643 38.960624
2050 2 59536450 -76.976273 39.004822
1500 1 59522757 -76.979635 38.981915
2300 1 59522691 -76.98778 38.982538
2850 3 59459528 -76.987072 38.956499
2100 3 59125980 -76.969179 38.980069
2575 4 49145859 -76.997273 38.966183
4500 4 59800472 -76.97587 38.997105
1400 1 56541787 -76.991009 38.959293
5460 2 59967554 -76.950427 38.922079
1292 0 36899001 -76.9265164 38.8991001
1185 1 46875854 -76.924547 38.936057
1284 1 51452367 -76.952429 38.953981
1700 2 58564048 -76.935476 38.902195
1328 1 59750008 -76.926499 38.905822
1605 2 59569561 -76.931764 38.940223
1475 2 59846629 -76.907978 38.901252
1900 1 58864339 -76.966224 38.92361
2800 2 59515191 -76.925918 38.901101
900 1 49134769 -76.920338 38.899306
1745 2 59179836 -76.951788 38.936545
1500 2 59862472 -76.958928 38.939145
1475 1 56234222 -76.928713 38.937233
1222 1 59887658 -76.932551 38.902219
2025 3 60320999 -76.926918 38.938197
1585 1 58637831 -76.929282 38.940212
1450 3 60315534 -76.956266 38.943665
875 1 58208256 -76.952102 38.935178
3200 4 60294294 -76.9644 38.9423
1550 1 60240079 -76.916451 38.90374
1930 3 60273340 -76.933476 38.904114
1750 1 60092452 -76.961708 38.936272
1750 2 55824587 -76.953252 38.951872
1950 2 60244158 -76.92761 38.905846
2200 2 59161582 -76.909649 38.90394
3800 4 60111583 -76.918444 38.92157
1650 1 60016182 -76.919104 38.906719
2500 4 60143795 -76.942447 38.935392
2800 3 59541221 -76.966493 38.942382
3000 3 59522765 -76.961242 38.934764
2400 4 59445669 -76.91973 38.937592
1600 2 57859034 -76.966446 38.938213
2500 2 59975730 -76.965862 38.931266
3500 2 59846595 -76.959274 38.928037
1300 4 52992016 -76.939328 38.908733
2150 2 55984465 -76.923896 38.902438
2250 3 60089073 -76.9644 38.9423
2395 4 59689695 -76.918647 38.90041
1850 2 59841778 -76.953252 38.951872
4000 7 59189288 -76.907491 38.929896
2695 3 45766060 -76.932519 38.904227
1500 2 59199241 -76.958928 38.939071
1275 1 59199242 -76.958928 38.939145
1500 2 57389673 -76.958928 38.939071
1150 1 59339436 -76.938848 38.903243
1100 1 58564464 -76.930418 38.907399
2950 3 60048259 -76.926702 38.940982
2250 3 59061644 -76.9644 38.9423
1750 0 51144975 -76.963312 38.967479
1727 0 30084972 -76.962179 38.969123
1400 1 57238047 -76.923499 38.958932
1565 0 64904 -76.953767 38.964756
2139 0 57628664 -76.963312 38.967479
1350 1 52240846 -76.931786 38.979933
1665 1 52240841 -76.928826 38.980426
1770 0 38481073 -76.938741 38.955707
2500 3 58822125 -76.928918 38.979226
900 1 58102076 -76.915898 38.954177
750 5 59908227 -76.928664 38.989642
2750 4 59881863 -76.917684 38.989542
1705 0 52176855 -76.958863 38.971118
1800 1 60308553 -76.9038 38.990905
3400 3 60308523 -76.96188 38.966697
1200 1 58889092 -76.92239 39.008808
1400 1 55472412 -76.923499 38.958932
1625 1 55910947 -76.901195 38.960839
1950 2 58989138 -76.902372 38.990788
1850 1 60266605 -76.952644 38.968893
1250 1 55910988 -76.923467 38.958991
3200 3 60036957 -76.950145 39.003272
2399 2 60250580 -76.946155 39.006895
1100 0 60242283 -76.942991 38.966303
3800 4 60242281 -76.942991 38.966303
3000 4 60242282 -76.942991 38.966303
3900 4 60038670 -76.926962 38.997799
2400 3 60038669 -76.94055 38.960061
3400 5 59889874 -76.948938 39.004738
3700 5 59824673 -76.954456 38.98051
3100 4 59598777 -76.914395 38.95858
3200 4 59389019 -76.912898 38.967856
3200 5 59351573 -76.954718 38.962192
4650 6 58212172 -76.928674 38.981222
2000 2 60131569 -76.914348 38.977724
3000 5 60137208 -76.953517 38.977961
1375 1 59179837 -76.909057 38.988584
3600 5 56021752 -76.949001 39.000808
3600 5 56021750 -76.957252 38.98255
6400 7 59004693 -76.928637 38.981183
1895 2 59954252 -76.94055 38.960061
3600 5 47994554 -76.957252 38.98255
3625 5 47994555 -76.949001 39.000808
1450 1 51482738 -76.946746 38.963954
6300 6 57714921 -76.9306 38.982278
6000 6 52536629 -76.946746 39.003178
5500 5 52821020 -76.926011 38.993726
5500 5 52821021 -76.928674 38.999371
4000 5 52821022 -76.911217 38.991093
8000 0 55118144 -76.932727 38.977017
6000 6 52821018 -76.932822 39.002001
3325 3 54359128 -76.933392 38.979687
8925 6 54359116 -76.933213 38.979649
3900 3 47994556 -76.926529 38.990253
3900 3 47994560 -76.957858 38.980222
3500 5 50024014 -76.948782 39.008694
1450 1 59233923 -76.946746 38.963954
3400 3 57756901 -76.960089 38.955177
6375 5 54359120 -76.933375 38.979716
5500 5 54359126 -76.930952 38.978044
7650 5 54359127 -76.933333 38.978971
7650 6 54355692 -76.935071 38.980055
1750 2 51953437 -76.934764 38.980358
