2850 2 60294460 -122.471217 37.69185
2950 2 60292109 -122.471299 37.692559
2900 2 60292101 -122.4713 37.692559
2867 1 63690 -122.464262 37.684129
2362 0 16558742 -122.446999 37.664218
2955 1 22920498 -122.479371 37.662784
4560 3 59875035 -122.454985 37.691417
3488 3 58925012 -122.446687 37.70526
3800 3 60125544 -122.462839 37.694582
3895 3 59672978 -122.48201 37.669262
2797 1 45157317 -122.4758031 37.6584124
3000 3 60215868 -122.453693 37.702524
2599 1 59492787 -122.492509 37.650307
1380 1 55976438 -122.467742 37.652469
2995 2 52820067 -122.483933 37.686444
2599 1 51185245 -122.476768 37.66573
3500 3 59780712 -122.4615573 37.6646018
975 1 59070636 -122.455318 37.7034545
2005 0 51185243 -122.476768 37.66573
5000 3 59102581 -122.482402 37.669919
1250 1 59404626 -122.4685274 37.68811530000001
3695 2 60297799 -122.490524 37.659773
1900 0 59121690 -122.47902 37.669392
3990 3 58987087 -122.458272 37.70406
2900 2 59821975 -122.468803 37.700443
2145 0 44837626 -122.479084 37.6651
4100 4 60241516 -122.456752 37.703046
2125 1 44984151 -122.464919 37.703016
2380 1 60167543 -122.458403 37.686563
4750 3 60119856 -122.458633 37.688447
2750 2 58834983 -122.4636878 37.6905526
1690 1 59594975 -122.439722 37.657566
4700 3 60088535 -122.451702 37.706022
6495 5 58859723 -122.482104 37.668297
1300 1 58619264 -122.458783 37.703933
3750 3 60304750 -122.4546 37.6954
2385 1 51189242 -122.499694 37.741741
7475 3 59972730 -122.494864 37.730745
3200 2 60058516 -122.504535 37.749444
3500 3 59159630 -122.505887 37.7419
3495 2 59191053 -122.500278 37.737941
1500 3 50959695 -122.4889359 37.7609512
1495 1 57906755 -122.493318 37.752537
1500 6 37307519 -122.48509 37.763165
2500 1 60296433 -122.497593 37.761135
5500 3 58986231 -122.496585 37.73803
3495 2 60141997 -122.497196 37.753598
2400 1 57708789 -122.484206 37.753717
1650 1 54371431 -122.485507 37.764
2385 1 51186058 -122.499694 37.741741
4800 3 60176803 -122.502057 37.738319
4680 4 60036956 -122.497649 37.737719
6800 4 59918197 -122.494473 37.734797
2654 1 3843527 -122.475409 37.721572
3395 1 47739579 -122.442082 37.752181
4995 2 58758099 -122.438448 37.748879
11280 4 59875434 -122.462371 37.745904
11280 4 59873841 -122.462371 37.745904
2610 0 22919686 -122.462765 37.759709
4410 2 58679864 -122.443246 37.75195
4895 3 60239783 -122.477352 37.754966
4620 3 47817216 -122.4663 37.759191
3045 1 58204050 -122.466963 37.75356
4995 3 60311735 -122.447009 37.712533
10600 6 52742264 -122.466391 37.760368
2795 2 54701086 -122.479787 37.754162
6995 4 60025619 -122.46103 37.722355
2550 1 58675269 -122.465435 37.740523
2450 1 57078556 -122.445547 37.753483
2875 2 55474232 -122.438448 37.722899
2100 1 48616886 -122.478183 37.764432
2350 1 57710777 -122.461659 37.757673
2995 2 60088601 -122.438466 37.751477
4900 4 58977492 -122.444612 37.738528
3695 2 51451034 -122.438961 37.761241
3750 3 53463949 -122.458783 37.722032
1700 1 60239792 -122.443983 37.731849
1350 1 53658569 -122.46824 37.717247
2395 1 60160254 -122.437976 37.720937
1700 1 60096441 -122.479719 37.7575648
1700 0 31747534 -122.4708014 37.7216449
5200 5 59730708 -122.449939 37.719523
5500 3 59313018 -122.445983 37.760323
4395 2 41133954 -122.440642 37.75092
3260 2 58065459 -122.466206 37.762172
4800 3 60297138 -122.450693 37.717342
4795 3 60239779 -122.45486 37.708679
2595 2 59163565 -122.455445 37.722618
3495 2 52815759 -122.441043 37.76089
2095 0 50413755 -122.444027 37.761456
6500 3 60304758 -122.464756 37.707078
4250 2 60298270 -122.449041 37.753049
4700 2 60296837 -122.457888 37.724538
4500 3 59477664 -122.461993 37.708919
3800 1 60295936 -122.468575 37.761039
2995 1 60293923 -122.442939 37.756907
3195 1 60293924 -122.442939 37.756907
3895 2 60293926 -122.444712 37.747683
2800 1 56320932 -122.440552 37.717908
2500 0 55006843 -122.47462 37.743104
3995 1 55247660 -122.439335 37.760628
2700 1 60114501 -122.454888 37.723332
2150 1 60286501 -122.478589 37.7646987
2450 1 60215845 -122.462007 37.726432
5495 5 60167788 -122.456872 37.723543
1350 1 53658580 -122.443687 37.714812
2250 1 60276213 -122.475346 37.764545
2475 1 56488912 -122.46716 37.762011
3795 2 60045393 -122.438473 37.751624
4500 3 60092395 -122.461692 37.762601
3095 1 60268252 -122.442983 37.753855
2795 2 54698890 -122.479787 37.754162
5500 2 60250990 -122.443368 37.759181
2300 1 60230795 -122.450638 37.716388
3995 2 60229142 -122.479444 37.761926
5850 5 60216566 -122.445536 37.713961
4750 3 59356128 -122.46957 37.737436
5500 2 60209886 -122.467659 37.752756
3200 1 60197922 -122.4462488 37.7520653
7500 4 59621850 -122.466979 37.747976
1100 1 49754672 -122.454558 37.71754
1300 1 51730845 -122.456302 37.716812
1250 1 51843864 -122.441803 37.717681
2700 1 60151172 -122.443983 37.731849
1685 1 55139028 -122.440776 37.761216
5450 5 60097744 -122.450774 37.736592
2395 0 59951691 -122.464159 37.760646
7750 3 59338597 -122.438584 37.745608
3195 1 59965556 -122.438722 37.762078
2375 1 60027480 -122.451728 37.748174
2695 1 60024922 -122.463213 37.75861
3462 2 59618908 -122.454491 37.723267
5500 3 59966121 -122.451068 37.740559
6795 4 59711011 -122.460418 37.730227
4800 4 59232815 -122.462989 37.719854
3310 1 59751296 -122.441078 37.746038
6995 4 59683984 -122.459592 37.738514
4700 2 56815707 -122.469378 37.737319
3000 2 58562569 -122.467623 37.764545
7500 3 56484808 -122.442349 37.762859
2850 1 58171481 -122.463803 37.754988
2100 0 51452959 -122.472531 37.764254
2013 0 46937908 -122.431133 37.654426
4360 3 58680110 -122.422185 37.657593
4000 3 60224444 -122.410604 37.706648
2350 1 57632356 -122.429594 37.65388
2575 1 56319654 -122.403049 37.68416
2100 1 56481267 -122.397873 37.68008
2400 1 60066071 -122.4169 37.656969
2300 1 59630259 -122.408872 37.706153
2920 0 49270488 -122.407514 37.656166
1995 0 60014135 -122.403164 37.67809
2350 1 60167829 -122.435591 37.660603
4000 3 32878095 -122.413591 37.657253
2950 2 60025057 -122.4036 37.663495
8000 5 59234728 -122.397659 37.677914
5400 4 58666313 -122.411814 37.660162
1650 0 41002884 -122.4313517 37.70629510000001
1000 1 55779566 -122.431833 37.704349
1850 0 59958340 -122.401683 37.683536
2999 1 57092840 -122.415895 37.707739
2700 2 60107049 -122.432713 37.727729
3800 4 45363943 -122.404097 37.729016
2100 1 59594115 -122.430931 37.729523
3700 2 56488791 -122.423181 37.709152
3995 2 59492668 -122.430522 37.720448
1100 1 41581112 -122.407194 37.709099
1450 2 60315540 -122.400614 37.728538
3000 1 59594233 -122.434843 37.732448
4400 3 60294718 -122.428852 37.722864
1400 1 60294650 -122.410862 37.714028
2350 1 60293977 -122.398897 37.73176
4550 3 60274161 -122.431189 37.734775
2550 1 59902975 -122.403757 37.727657
3100 2 60204682 -122.394762 37.725329
2350 2 57976490 -122.431709 37.729183
3600 2 50027277 -122.427701 37.73476
4000 2 58829521 -122.431557 37.711947
1500 1 60118003 -122.398281 37.71182
5395 3 59332543 -122.434757 37.724644
5395 3 59336802 -122.428102 37.721279
4500 2 59810104 -122.41729 37.735134
2600 2 57559765 -122.404727 37.729659
2535 0 48600361 -122.420723 37.750011
4290 2 59875319 -122.423631 37.743077
4290 2 59873827 -122.423631 37.743077
1295 4 43289408 -122.4222572 37.74825999999999
3395 1 59972088 -122.424537 37.748778
6600 3 51327316 -122.435813 37.748946
3895 3 59066778 -122.423023 37.74335
3500 2 58222479 -122.432989 37.745174
2495 1 56460308 -122.420934 37.745928
1695 0 50084700 -122.4179378 37.7488982
3225 2 57150309 -122.428823 37.750249
2695 1 59175130 -122.425202 37.742778
4250 2 59715187 -122.421511 37.74179
2995 1 59698121 -122.425502 37.748782
4295 2 38977815 -122.431102 37.743428
5999 4 46832060 -122.4277278 37.7372266
2395 0 52769711 -122.434857 37.749882
2995 1 60297873 -122.418428 37.743493
3495 2 57089000 -122.423663 37.742412
2995 1 60238841 -122.422885 37.749068
6999 5 49327081 -122.4248687 37.7478377
2400 0 60098248 -122.418504 37.738992
4495 2 60267858 -122.429202 37.750181
4180 1 51327317 -122.435874 37.74884
3250 2 60265431 -122.421085 37.744582
4200 2 59032089 -122.4291455 37.7485094
4300 2 59032092 -122.4291455 37.7485094
3190 1 27743805 -122.4169 37.749247
5500 3 60175842 -122.427144 37.7419
13500 4 59855779 -122.432653 37.748727
6995 3 21946430 -122.4301986694336 37.74129867553711
2795 1 60125293 -122.436961 37.742741
5125 4 60124879 -122.420699 37.749368
9900 3 60098843 -122.428699 37.745068
2300 1 59886444 -122.421227 37.749126
3995 2 59736228 -122.418665 37.748493
3995 2 48027227 -122.42154 37.743844
2000 0 48027229 -122.42154 37.743844
4300 3 60296196 -122.431235 37.744127
4950 2 60265432 -122.423594 37.748082
2455 0 48392368 -122.417792 37.758988
3195 1 47739594 -122.42142 37.758128
2995 1 47739627 -122.429843 37.761018
3050 1 47997926 -122.419468 37.754153
4450 1 59875755 -122.420876 37.762177
4920 1 59875300 -122.42018 37.762222
4450 1 59873879 -122.420876 37.762177
4920 1 59873826 -122.42018 37.762222
4995 2 60273457 -122.4283159 37.7567789
11000 2 60177431 -122.417729 37.752907
2850 1 59103787 -122.430957 37.759358
2145 0 58192779 -122.41629 37.755872
7595 5 60152535 -122.430075 37.760962
4900 2 60267320 -122.431149 37.763859
2400 1 60254783 -122.417589 37.758114
7550 2 59718696 -122.4282745 37.7585489
2250 0 56474067 -122.436924 37.761745
1995 0 60048121 -122.417969 37.755548
3995 3 57286960 -122.418336 37.754807
2095 0 56464238 -122.424248 37.762693
2295 0 58563713 -122.433892 37.763181
2495 0 58293202 -122.421823 37.751028
5795 4 58171940 -122.421462 37.757493
5550 2 56321638 -122.4365 37.759
2900 2 59724475 -122.4169 37.752002
3695 2 59383452 -122.421318 37.752598
1975 0 46950186 -122.41829 37.750648
3795 2 60176586 -122.42154 37.75789
3700 2 60251508 -122.428302 37.76355
2195 1 56350184 -122.433733 37.763956
2300 0 60291783 -122.4253256 37.755864
2895 1 60313649 -122.424199 37.759377
3795 2 60097280 -122.430308 37.761512
4995 3 60240353 -122.4365 37.759
5750 3 60299105 -122.419806 37.751604
6700 3 60298096 -122.428885 37.752285
2250 0 56722829 -122.424764 37.752058
3400 1 60292361 -122.423144 37.759883
2095 0 58003783 -122.420047 37.763171
4595 3 60168311 -122.423251 37.762819
2495 1 48979406 -122.420876 37.762177
2895 1 56460849 -122.422719 37.758164
2395 0 60155737 -122.423823 37.758966
6850 4 60275579 -122.434995 37.760886
1500 1 60274014 -122.417912 37.761539
3695 2 59739009 -122.422743 37.757058
5950 3 56060714 -122.427475 37.762721
2950 1 60265312 -122.436241 37.757413
1995 0 56601274 -122.434151 37.762503
6995 3 60251917 -122.428928 37.761503
6495 4 60240073 -122.416889 37.755807
4485 2 59762569 -122.417141 37.750989
3500 2 60231077 -122.417862 37.754325
2600 1 45390774 -122.417938 37.750537
3495 2 60220075 -122.416284 37.75901
4250 1 60216725 -122.433501 37.757513
4500 1 59574022 -122.425332 37.757814
2799 1 58401407 -122.421274 37.75121
4950 2 60159883 -122.4231592 37.7610251
5300 3 60144750 -122.435045 37.76455
9995 3 60086360 -122.432908 37.751921
2850 1 60045344 -122.421732 37.754699
7995 5 59822749 -122.416669 37.755788
3400 1 50172823 -122.420037 37.75698
5000 3 43654492 -122.431619 37.752537
2800 1 2136853 -122.417326 37.763573
25000 5 40382000 -122.43596 37.759224
6500 1 57384787 -122.429934 37.751103
4500 1 56321678 -122.432961 37.759237
3995 1 51116372 -122.423433 37.761261
4200 2 60033765 -122.43241 37.761239
2255 0 51925895 -122.414412 37.759207
2250 0 49107050 -122.402464 37.755921
5500 3 59928145 -122.411306 37.745049
1750 0 59765687 -122.415443 37.752629
3675 2 58999364 -122.402053 37.754369
3500 2 58844379 -122.413814 37.753483
3650 2 59455328 -122.41323 37.758807
3995 2 59774202 -122.415406 37.746387
2999 1 43655592 -122.4008918 37.7571919
1950 0 60250900 -122.415639 37.759483
3195 0 54722173 -122.399909 37.763306
7000 3 60316876 -122.41254459397656 37.75242552833069
3495 2 46573619 -122.401123 37.757116
5750 3 60297496 -122.401899 37.75221
2095 0 60293932 -122.415698 37.754611
2450 0 60292352 -122.404399 37.760289
2450 1 60239544 -122.408222 37.74679
4999 3 51032724 -122.4042655 37.7518579
5450 2 60262468 -122.413306 37.757537
3400 1 53533277 -122.40056 37.756537
8495 6 60240070 -122.415862 37.751921
2450 1 59928086 -122.4157 37.7492
2650 1 404923 -122.400884 37.757202
4450 3 48267830 -122.410662 37.749499
5395 3 60150969 -122.415284 37.750474
5999 4 57668499 -122.4113959 37.7398365
5200 3 12128434 -122.400884 37.757202
4950 2 59928245 -122.401698 37.754967
4995 4 59958157 -122.411858 37.751454
4750 3 59560183 -122.401802 37.753049
6950 4 30145530 -122.397502 37.762525
3600 2 59382574 -122.407292 37.752915
3150 0 57084910 -122.395693 37.750598
3506 1 57894398 -122.402045 37.754614
7000 4 47462595 -122.407531 37.742484
4885 2 46298826 -122.400399 37.755452
18000 4 48036242 -122.41035 37.753302
2995 0 24620302 -122.391843 37.759588
2800 2 60224018 -122.392909 37.722118
3795 3 52061800 -122.388308 37.756882
2695 2 58422615 -122.386043 37.729634
2400 0 58632369 -122.390267 37.733775
3200 2 60295486 -122.375264 37.727742
3095 0 59760945 -122.389515 37.764
2500 0 56455070 -122.392505 37.734246
4395 4 60025259 -122.383043 37.727937
3890 2 60098849 -122.386242 37.733433
4250 2 59527941 -122.367723 37.727058
6895 3 59104319 -122.388853 37.757049
2900 1 59127177 -122.387502 37.730792
2500 0 59635986 -122.390749 37.726069
3095 1 60144649 -122.484266 37.782607
3795 2 60028264 -122.487541 37.784643
2200 0 47776439 -122.4988604 37.77912299999999
3795 2 60014226 -122.487541 37.784643
3450 2 59427184 -122.506964 37.775276
3750 2 59405218 -122.503084 37.775669
2500 2 59809028 -122.490707 37.781693
3200 2 60322547 -122.493576 37.772408
3395 2 60313648 -122.509338 37.774982
4100 2 60067361 -122.499226 37.775382
2900 2 60297394 -122.49347 37.776517
2950 2 56746175 -122.488569 37.780272
2895 1 60025234 -122.50203 37.779094
2300 1 60295544 -122.503767 37.774537
5500 3 60293979 -122.4933 37.7789
5500 3 60242227 -122.495815 37.78006
3950 2 60238069 -122.494531 37.777852
3850 2 60195800 -122.502923 37.774552
3200 2 60157157 -122.48262 37.77936
3950 2 60130501 -122.507441 37.773584
2400 1 59150054 -122.504378 37.780492
6995 3 55556549 -122.506324 37.780968
3045 1 47739401 -122.464097 37.782477
2449 0 39863975 -122.471048 37.765527
2195 1 60265506 -122.475199 37.776777
3595 1 58204143 -122.466318 37.784998
3800 3 52508738 -122.4768349 37.7912545
3250 2 60267868 -122.46204 37.778579
3475 3 47140690 -122.4793685 37.7922664
3195 2 55465827 -122.466226 37.781958
2395 1 47897267 -122.477969 37.764911
2199 1 59132196 -122.462575 37.783581
2950 2 59750846 -122.4655 37.779463
3450 2 59580314 -122.478517 37.785701
3395 2 57373606 -122.463007 37.774217
2995 2 60238840 -122.474198 37.779446
3495 2 56470037 -122.466348 37.783525
3400 2 56722831 -122.467173 37.778787
2995 2 60079944 -122.473953 37.782695
3300 2 60058293 -122.479868 37.783142
3800 2 60151119 -122.471412 37.784659
3150 2 60066643 -122.465845 37.784255
3000 2 45615373 -122.4783616 37.782514
3300 2 58161774 -122.460256 37.764824
1550 2 47491671 -122.472035 37.786525
3200 3 45564238 -122.4607 37.781
3900 3 60300386 -122.477992 37.777052
4000 2 59958662 -122.480336 37.782478
3400 1 59008337 -122.464145 37.786906
3800 1 59958663 -122.480336 37.782478
3195 2 55458658 -122.466226 37.781958
2850 2 59416957 -122.465718 37.781444
3659 1 60257809 -122.474669 37.788804
2199 1 59128229 -122.462575 37.783581
2395 1 45425592 -122.474308 37.78275
2750 2 60131869 -122.459625 37.780611
4400 2 59993139 -122.480496 37.785525
3595 2 60123402 -122.463946 37.765545
14500 4 58753676 -122.474452 37.774473
3195 1 59805534 -122.460435 37.784769
3800 0 56259748 -122.475201 37.777488
3235 1 47739540 -122.439092 37.770357
3795 1 48741376 -122.441154 37.788669
3195 1 47739548 -122.447679 37.783799
4245 2 47739556 -122.458898 37.786507
3995 2 49017148 -122.449738 37.774038
1995 0 47846903 -122.442376 37.790362
5095 2 47864815 -122.437869 37.789568
3495 1 58204149 -122.453937 37.772779
3395 1 58075978 -122.438569 37.771338
2895 1 58204123 -122.455114 37.785906
3645 1 58204104 -122.442668 37.791649
3495 1 60307717 -122.44452 37.771502
3475 2 59352329 -122.451693 37.773517
3250 2 60205105 -122.455366 37.781151
3350 2 56471973 -122.442376 37.774636
2800 1 58924043 -122.438119 37.788196
3795 2 56321358 -122.444823 37.771968
3375 1 59545856 -122.447349 37.788842
2825 1 57228488 -122.43927 37.780725
2450 1 58119166 -122.441349 37.788221
2595 1 56684645 -122.458207 37.78318
3675 2 59886605 -122.444482 37.772108
5900 3 58986585 -122.455003 37.787574
3375 1 48286048 -122.44042 37.779442
3650 2 30830782 -122.44634 37.774867
3495 2 60001874 -122.448882 37.772835
2850 1 60251288 -122.454813 37.783123
4850 2 42841335 -122.442873 37.77793099999999
5000 3 60316990 -122.452746 37.782098
2500 1 60316991 -122.452746 37.782098
4000 3 60316992 -122.452746 37.782098
4500 2 60316989 -122.452746 37.782098
3500 2 60313647 -122.44352 37.785042
5995 4 46385206 -122.438141 37.775022
3295 2 60311679 -122.452746 37.780599
2895 1 57434926 -122.458929 37.777187
2695 1 60297510 -122.444612 37.773408
2950 1 59583250 -122.453328 37.769707
3995 1 55171582 -122.447698 37.773729
2095 0 60293980 -122.437786 37.789073
3600 2 60293966 -122.459183 37.780777
4595 3 59951690 -122.442316 37.777361
4195 2 60047921 -122.439722 37.791571
1900 1 60239222 -122.451155 37.78086
4895 3 60141914 -122.4433 37.7706
8950 3 60269026 -122.439192 37.772187
2395 0 56447650 -122.444793 37.771426
4500 1 56491637 -122.443818 37.791074
7700 3 60108137 -122.44687 37.773171
4500 4 56489805 -122.441424 37.783404
1995 1 59991871 -122.446687 37.773432
3700 1 60276619 -122.439286 37.772414
3600 2 60267414 -122.448882 37.766627
4950 2 59017794 -122.453272 37.775552
13995 5 60264096 -122.446035 37.766498
4895 2 52818138 -122.438264 37.775621
1740 1 2373973 -122.441125 37.781537
6500 3 56600469 -122.455383 37.787467
5200 2 60250494 -122.440756 37.771052
4750 2 60250284 -122.446796 37.787782
3952 1 6459172 -122.445152282715 37.771427154541
6995 3 60209885 -122.444972 37.776956
2495 1 57882794 -122.448609 37.768512
6300 3 60202435 -122.442948 37.775296
6995 3 60119632 -122.454266 37.783383
2500 0 59941027 -122.458872 37.786084
2795 1 60108174 -122.457537 37.783347
5200 2 60108017 -122.442474 37.764804
5199 3 46243539 -122.4580957 37.7763487
2895 1 59762375 -122.443491 37.787444
4750 2 59643745 -122.45308 37.788042
7000 4 59633105 -122.444972 37.776956
8250 3 59184825 -122.450316 37.787759
3395 2 59297560 -122.452472 37.782444
9900 2 60111809 -122.438048 37.790176
1100 0 58369049 -122.440703 37.787725
2895 1 12533871 -122.441228 37.801339
3995 1 48006595 -122.443109 37.802649
5980 2 58679461 -122.444139 37.80296
4995 2 59385033 -122.443744 37.797285
3395 1 60239032 -122.442491 37.800764
4895 2 60002062 -122.445818 37.794564
2695 0 58567007 -122.437924 37.802308
2450 1 59237948 -122.437892 37.805141
3495 1 60293978 -122.444517 37.801131
1995 0 56546821 -122.441939 37.799829
7095 2 56475814 -122.443559 37.805141
2350 0 59938788 -122.437949 37.805235
5000 3 59842195 -122.438423 37.799318
3300 1 59630123 -122.445463 37.804434
9749 5 55011335 -122.4445353 37.7997729
4125 1 60114390 -122.444359 37.798063
6495 3 60125888 -122.443228 37.798305
2199 0 59480268 -122.443349 37.798629
2199 0 59480032 -122.443373 37.798709
12500 3 59189145 -122.44492 37.801622
4995 3 2813213 -122.442664 37.799003
3450 1 56469131 -122.441482 37.805053
2550 1 60252469 -122.481442 37.849212
5800 2 60229323 -122.449217 37.874484
3575 2 58986594 -122.486358 37.858672
3310 2 60310872 -122.459911 37.879213
2800 1 59285377 -122.479544 37.85385
3650 2 60296370 -122.486461 37.858589
3310 2 60295519 -122.459911 37.879213
3280 1 60064815 -122.48622 37.858888
4250 2 60047182 -122.481423 37.846
3400 1 56457946 -122.497196 37.861918
15000 4 54119094 -122.471352 37.872033
12500 3 60238476 -122.482615 37.847376
5500 3 58889758 -122.500848 37.87283
4000 1 54358102 -122.460839 37.879635
2895 1 59989499 -122.483783 37.857529
3210 2 59981615 -122.459911 37.879213
3850 2 59969080 -122.502619 37.865488
2550 1 59877209 -122.494388 37.861324
8995 3 58998265 -122.482038 37.855449
3600 2 55392666 -122.506133 37.865956
2300 0 53467645 -122.497782 37.859014
3085 1 53882253 -122.429099 37.767104
3450 1 48229297 -122.437308 37.779111
3145 1 49157492 -122.435665 37.77887
2595 0 48006589 -122.435368 37.778901
2395 0 58204133 -122.429821 37.769485
4795 2 58192813 -122.431989 37.775488
4750 4 58828121 -122.430164 37.777748
2795 1 56807313 -122.430766 37.765601
3195 2 57476729 -122.429632 37.765619
2495 1 53363915 -122.429885 37.773809
4321 1 52171477 -122.429986 37.766335
2095 0 54272346 -122.433813 37.773814
5750 0 56145526 -122.4268809 37.7669706
2490 1 60001930 -122.433286 37.778968
3250 1 60293965 -122.437569 37.778669
5395 4 60293927 -122.428739 37.771483
3950 1 56449215 -122.429291 37.767406
2245 0 52518107 -122.434434 37.773814
3995 2 60151146 -122.437154 37.777279
7645 5 58171934 -122.433803 37.774296
3500 1 59890877 -122.427838 37.771683
6895 3 60206085 -122.432887 37.770786
2995 1 60075211 -122.437119 37.776279
5700 2 60265825 -122.427274 37.777982
3100 2 60265435 -122.430256 37.773814
4295 3 53966709 -122.434833 37.773171
3195 1 60240071 -122.436653 37.775282
4395 2 60047922 -122.4371 37.770454
4195 2 60155736 -122.429719 37.77387
9000 2 53329174 -122.435034 37.765826
2375 0 58223619 -122.434316 37.766367
8950 4 55591723 -122.435775 37.773334
2300 0 59404186 -122.432005 37.764948
2195 0 60267495 -122.426934 37.775591
4195 2 48561380 -122.426443 37.768873
2295 0 47739451 -122.423494 37.770019
2225 0 47739558 -122.425029 37.771609
4440 1 59191723 -122.42289 37.767834
4840 1 59875581 -122.421202 37.767995
4870 1 59875524 -122.425618 37.770813
4840 1 59873855 -122.421202 37.767995
4870 1 59873850 -122.425618 37.770813
1565 0 57231503 -122.421358 37.771446
6230 2 58442989 -122.418853 37.771609
2837 1 57333588 -122.419036 37.767104
3850 2 59591572 -122.419274 37.771653
2245 0 58192738 -122.425413 37.770777
2745 1 58192713 -122.426266 37.766646
3095 1 58192731 -122.424967 37.770349
3800 2 54048874 -122.419493 37.766483
3375 1 44938286 -122.418853 37.771609
2895 2 57550040 -122.42122 37.771446
1000 5 59472633 -122.4243816 37.7702668
4995 5 59392977 -122.416698 37.766663
3000 2 59191113 -122.421885 37.771454
5495 4 60012983 -122.41743 37.766473
2150 1 60026352 -122.419729 37.768403
2295 1 59083017 -122.424885 37.769261
1200 1 59183984 -122.420033 37.766403
2100 1 57228427 -122.42034 37.768986
2895 1 56646726 -122.423579 37.768216
3895 3 37744959 -122.424428 37.768018
6495 4 60242506 -122.417521 37.768992
4750 2 33640975 -122.419087 37.766731
4000 2 59800260 -122.419636 37.766632
7000 5 48328559 -122.4244802 37.770259
4700 4 59767953 -122.422999 37.770313
3375 1 59968726 -122.418853 37.771609
4200 2 59822618 -122.423655 37.770229
1895 0 59199631 -122.421274 37.765926
2485 0 24585895 -122.418312 37.777748
2395 0 47739481 -122.422444 37.778609
2345 1 51438190 -122.421241 37.773375
2870 0 58677495 -122.417368 37.776029
1887 0 39863644 -122.417276 37.777112
3570 1 58443071 -122.419368 37.777068
2705 0 22917809 -122.424482 37.775083
4320 1 59875797 -122.418339 37.779023
4320 1 60037081 -122.41613 37.775112
4000 2 59875766 -122.41613 37.775112
5870 1 59875472 -122.419599 37.775384
3680 1 59874313 -122.41613 37.775112
5760 2 59874474 -122.41613 37.775112
3620 1 58442774 -122.419174 37.77672
2780 0 58442901 -122.420581 37.773357
4770 1 59875514 -122.419359 37.775302
3700 0 59874582 -122.417444 37.776449
3350 1 59875233 -122.41613 37.775112
4140 0 59874332 -122.417444 37.776449
5550 1 59874602 -122.42082 37.774531
4320 1 59873881 -122.418339 37.779023
4320 1 60037050 -122.41613 37.775112
4000 2 59873880 -122.41613 37.775112
5870 1 59873845 -122.419599 37.775384
3680 1 59873753 -122.41613 37.775112
5760 2 59873777 -122.41613 37.775112
5600 1 59873755 -122.417444 37.776449
4770 1 59873849 -122.419359 37.775302
3700 0 59873796 -122.417444 37.776449
3350 1 59873820 -122.41613 37.775112
4140 0 60252594 -122.417444 37.776449
5550 1 59873798 -122.42082 37.774531
3010 0 58442766 -122.419336 37.772835
2870 0 58881778 -122.41728 37.776273
2945 1 58204120 -122.422581 37.778473
5750 2 55312295 -122.4232069 37.7765016
2480 0 57724135 -122.420581 37.773357
2661 0 51433889 -122.419336 37.772835
2861 0 32687497 -122.417368 37.776029
1900 0 44411658 -122.422088 37.77578889999999
3195 0 52165887 -122.418371 37.773436
2800 1 55246746 -122.4247372 37.7743399
1695 0 52902153 -122.42211 37.773446
2870 1 57395365 -122.420581 37.774794
4900 3 59122677 -122.425784 37.776586
2995 1 57162782 -122.423251 37.775217
1795 0 56448204 -122.421885 37.773454
2195 1 56864069 -122.422296 37.777669
1850 0 60293933 -122.421037 37.775923
1945 0 60293934 -122.420274 37.776046
1795 0 59087415 -122.421037 37.775923
2600 1 58762386 -122.421358 37.775916
2850 0 60057906 -122.419853 37.776068
2795 1 50793814 -122.424332 37.772493
4350 2 51452761 -122.422481 37.776058
2100 0 59753433 -122.422656 37.775656
4250 2 60273465 -122.425941 37.773502
3175 1 56800895 -122.423402 37.776231
2300 1 60265099 -122.42307 37.774144
2250 1 58362781 -122.416958 37.773661
1995 0 60215885 -122.426369 37.777683
2600 0 59690185 -122.4220627 37.77403750000001
3900 2 59671964 -122.423594 37.773679
4295 2 59557245 -122.423774 37.772964
3095 1 50741699 -122.4341 37.782891
3045 1 48006585 -122.435492 37.779502
3795 2 60268969 -122.428144 37.78698
3600 1 49134405 -122.432164 37.781558
3245 2 58518740 -122.429033 37.787825
4100 3 58362554 -122.434452 37.785115
3850 2 42515081 -122.435303 37.787742
3995 2 56451908 -122.427838 37.787507
2395 0 57709108 -122.434023 37.791881
2995 1 60296195 -122.433957 37.78271
2550 0 60293976 -122.437359 37.788009
13000 3 60256173 -122.433316 37.793245
2600 1 57870102 -122.435175 37.786073
10950 4 60276146 -122.436501 37.792715
3495 1 60276009 -122.431993 37.786444
4145 2 60196031 -122.437322 37.785416
2695 0 56618820 -122.434322 37.793231
6849 3 59038103 -122.432778 37.790978
2595 1 50232907 -122.431802 37.787235
2195 0 60116225 -122.430713 37.790932
2000 0 6223341 -122.4276135 37.7822067
2900 0 59958665 -122.431369 37.788483
3500 1 59958667 -122.431369 37.788483
3200 1 59958664 -122.431369 37.788483
2845 1 59101004 -122.42911 37.792904
6695 4 57666096 -122.429589 37.788403
4400 2 59472659 -122.431803 37.787235
2095 0 57951962 -122.43096 37.791188
1835 0 47784559 -122.418494 37.783998
2275 0 49017147 -122.41643 37.785059
1695 0 47739578 -122.417009 37.784611
2945 1 49552059 -122.41955 37.786177
2145 1 48578651 -122.416862 37.785073
1545 0 47739564 -122.416641 37.784098
2295 1 48578648 -122.417512 37.785009
3795 2 58218514 -122.422369 37.783398
1295 0 58192793 -122.418184 37.783888
2125 1 51446867 -122.416406 37.784853
1650 0 51446904 -122.417258 37.785542
1595 0 51452548 -122.419057 37.786241
1395 0 58236009 -122.416512 37.785568
1645 0 51452558 -122.419184 37.786123
1595 0 53427123 -122.417223 37.784084
1495 0 59066648 -122.419566 37.783742
3395 3 59761976 -122.418398 37.783891
2495 2 58598392 -122.418117 37.786102
3575 3 55664482 -122.423999 37.784058
3975 3 55330481 -122.423999 37.784058
1895 0 52198423 -122.420483 37.78353
2500 1 60275634 -122.420164 37.782372
4150 1 50092480 -122.423632 37.782363
1895 0 57711358 -122.417139 37.784098
2650 1 59956080 -122.422396 37.783914
4450 2 43654624 -122.423296 37.780028
3500 2 58459822 -122.419625 37.780966
1695 0 60108516 -122.416504 37.785725
1095 0 59844372 -122.418639 37.785769
1695 0 60076954 -122.417284 37.784914
1995 1 60001278 -122.416261 37.782701
2995 1 56319906 -122.421379 37.781151
3675 2 53228023 -122.423999 37.784058
2595 1 47739396 -122.419642 37.786607
1995 0 47739544 -122.418112 37.793388
2395 1 55273407 -122.418121 37.787483
1645 0 47739499 -122.416853 37.786483
3645 2 47856111 -122.417155 37.792231
2695 1 47739436 -122.417398 37.787888
2695 1 49919341 -122.425568 37.788161
2695 1 48526796 -122.420462 37.792186
1865 0 47739497 -122.421 37.7928
2535 1 50118019 -122.417717 37.78915
5445 3 48835140 -122.419862 37.791789
2595 1 50045399 -122.418261 37.788398
6320 0 59875063 -122.4177 37.789979
2900 0 58679564 -122.421185 37.787359
6420 1 59873846 -122.4177 37.789979
3395 0 60275364 -122.416122 37.793385
3930 1 58890757 -122.420296 37.787463
4830 1 59875657 -122.416756 37.791075
4830 1 59873870 -122.416756 37.791075
6320 0 59873810 -122.4177 37.789979
2995 1 60231291 -122.423843 37.793629
2645 1 58203934 -122.416195 37.792353
4345 2 58204019 -122.424137 37.787492
2345 0 58204022 -122.424959 37.78775
3495 2 56008205 -122.417709 37.79117
3345 2 58192771 -122.417247 37.787436
3645 1 58204044 -122.425928 37.790209
2695 0 56008169 -122.425615 37.788639
2795 1 58203929 -122.420185 37.793124
3195 1 58204048 -122.423601 37.792426
1850 0 16556873 -122.419147 37.789142
2695 1 56486955 -122.424796 37.791276
3148 1 51420262 -122.421185 37.787359
995 0 55649165 -122.416174 37.787042
1200 0 51102205 -122.4204101 37.7885267
2995 1 56839374 -122.424782 37.792988
2495 2 59833864 -122.419088 37.786856
2545 1 56320763 -122.420296 37.787463
1495 0 51445098 -122.418729 37.790601
1195 0 51446915 -122.418252 37.787284
2195 0 57757562 -122.420594 37.79191
1695 0 51446882 -122.421 37.7928
1695 0 58285498 -122.418512 37.791932
2395 1 57436680 -122.417639 37.787404
1895 0 53795305 -122.416368 37.787098
2200 0 57564663 -122.419194 37.790698
2550 0 59671468 -122.417389 37.792132
4300 1 60239141 -122.426047 37.793394
2250 0 59997144 -122.419243 37.791707
5199 2 58998808 -122.417594 37.791922
1395 0 59127001 -122.418996 37.787219
4400 2 57084616 -122.4219061 37.786783
4800 2 24459583 -122.421242 37.793261
2595 1 57632365 -122.424462 37.787906
1975 0 56448916 -122.424999 37.787914
4200 2 58593307 -122.424521 37.789581
1795 1 56744464 -122.417611 37.788784
3995 2 60292355 -122.424257 37.789082
3500 2 59394855 -122.424237 37.788888
3525 1 51462983 -122.423033 37.790558
2300 1 56487451 -122.417212 37.791633
4295 2 60239235 -122.421334 37.791511
1395 0 56445822 -122.418504 37.786769
3000 1 59030658 -122.424879 37.793482
3295 1 56487760 -122.424581 37.791759
2500 1 60268103 -122.418454 37.791132
4700 3 57582960 -122.416625 37.790394
4200 2 59559221 -122.42134 37.790186
1595 0 58288018 -122.418895 37.78818
6600 2 60244156 -122.423251 37.788058
2995 2 60243553 -122.416566 37.792804
2795 3 58737540 -122.419713 37.786903
1675 0 59832232 -122.4209848 37.7907563
2995 1 60069136 -122.420843 37.788363
2250 1 59969341 -122.420067 37.787118
2595 1 50184575 -122.42069 37.790577
2195 0 59805535 -122.424707 37.788842
2495 1 57948501 -122.420055 37.789073
1850 0 60077290 -122.417174 37.791564
8750 6 59981058 -122.420159 37.793633
3350 1 60065914 -122.420843 37.788363
3900 2 59636796 -122.42322 37.791867
1950 0 60036729 -122.419713 37.786903
2995 2 59349325 -122.416566 37.792804
2695 1 58567830 -122.423556 37.791434
7495 4 56360871 -122.4189 37.791318
1695 0 57286963 -122.420266 37.789839
1895 0 58580926 -122.416709 37.792209
2595 1 57560141 -122.417443 37.792468
2895 0 17811727 -122.40388 37.769338
2720 0 17811670 -122.397049 37.766986
2755 0 23611709 -122.404475 37.771962
1868 0 16557245 -122.397001 37.776265
4150 0 51881547 -122.3958189 37.777436
3300 1 51881272 -122.4021007 37.770285
3490 2 53001172 -122.41329 37.770493
2745 1 49880656 -122.415013 37.764897
2665 0 22915079 -122.415212 37.777068
10510 3 59875694 -122.401365 37.767462
5480 2 59875394 -122.4117 37.7726
4500 2 59875502 -122.401365 37.767462
4320 1 59874975 -122.401365 37.767462
10510 3 59873873 -122.401365 37.767462
5480 2 59873832 -122.4117 37.7726
4320 1 59873807 -122.401365 37.767462
4500 2 59873848 -122.401365 37.767462
4470 1 59969758 -122.401365 37.767462
3300 1 58679148 -122.409522 37.773653
4400 1 58700930 -122.404075 37.778279
4830 1 58680025 -122.395773 37.778161
2392 0 39863158 -122.397296 37.777976
2613 1 55165561 -122.415389 37.773924
3885 2 54872945 -122.412639 37.778705
3700 2 55334695 -122.412639 37.778705
8000 2 50352181 -122.400887 37.777669
1700 1 59649280 -122.412223 37.777578
2196 1 57530361 -122.40936 37.779046
1695 0 50169149 -122.407049 37.779029
3375 2 59954350 -122.399567 37.774414
2000 0 58066265 -122.404778 37.778094
2266 0 56590139 -122.409522 37.773653
2895 2 58563363 -122.410398 37.776052
2395 1 56320558 -122.415792 37.774231
3000 2 59367601 -122.408378 37.775779
2299 1 58286341 -122.410412 37.777814
3950 2 58992409 -122.405067 37.777029
2895 2 22402088 -122.41529083251953 37.77253341674805
3150 2 53497585 -122.408653 37.779069
1395 0 59335249 -122.41493 37.776485
None 0 52073084 -122.409347 37.774489
4300 1 60011717 -122.3971 37.7669
2360 0 57152281 -122.40444 37.778046
1485 0 56983246 -122.408322 37.779171
3025 1 51424854 -122.397448 37.77293
4990 3 60005148 -122.409922 37.776952
4900 1 59902677 -122.412589 37.764824
4300 2 60289402 -122.4050445 37.7775178
3250 1 59834043 -122.403857 37.779228
2495 1 57090667 -122.403576 37.779038
4495 2 55857855 -122.413095 37.775535
3400 1 59384148 -122.4154463 37.7761143
2800 2 60238249 -122.4152404 37.7725784
3650 1 60213275 -122.40186 37.779029
2750 1 60159780 -122.413945 37.774365
3995 2 60114760 -122.399567 37.774414
700 0 59981061 -122.413009 37.774924
2995 2 59291863 -122.410633 37.776912
2850 1 45349799 -122.412639 37.778705
2395 2 57950403 -122.406807 37.775228
4600 2 59347227 -122.412428 37.77093
2363 0 59805737 -122.407122 37.781742
2125 1 47739392 -122.414729 37.784861
1595 0 47739607 -122.410767 37.782781
3010 1 58677239 -122.411611 37.780643
2750 0 58442752 -122.407122 37.781742
4320 1 59875426 -122.409363 37.783403
4000 1 59875469 -122.411065 37.782223
4320 1 59873839 -122.409363 37.783403
4000 1 59873844 -122.411065 37.782223
2510 1 59383872 -122.411611 37.780643
2895 2 58218448 -122.414547 37.786161
3045 2 58218452 -122.414786 37.785286
1595 0 58204140 -122.414223 37.785255
2695 2 58192810 -122.415877 37.785673
1495 0 58203993 -122.409179 37.784742
2250 1 50964157 -122.410018 37.780896
2150 1 50611061 -122.410018 37.780896
1295 0 56460496 -122.41229 37.785219
1695 0 51446878 -122.413673 37.785444
1795 1 51447716 -122.413312 37.783463
1425 0 51447479 -122.413504 37.782599
1795 0 56321692 -122.410312 37.780799
1050 0 51446870 -122.41455 37.781115
1495 0 56471960 -122.414504 37.785998
1645 0 59191654 -122.415912 37.784906
1506 0 58312358 -122.41443 37.783036
2650 1 52336807 -122.405416 37.780507
1895 0 56296601 -122.411981 37.785303
1425 0 57611705 -122.4154855 37.7856989
4100 2 57363562 -122.409431 37.783022
None 0 50309606 -122.408113 37.784151
1845 0 57007928 -122.413764 37.782776
1795 0 52051172 -122.411521 37.782444
1950 0 60295587 -122.41512 37.785241
1845 0 58602953 -122.415642 37.784339
1695 0 53059888 -122.415774 37.786142
1695 1 59773614 -122.412013 37.783207
1695 0 56618780 -122.415938 37.784966
1695 0 51447709 -122.414468 37.783372
1895 0 51447721 -122.414009 37.785483
3663 1 60235773 -122.407683 37.783177
3500 1 59682741 -122.407635 37.78618
4000 1 57854526 -122.407683 37.783177
4350 1 59084717 -122.407683 37.783177
1395 0 57886139 -122.415673 37.785269
1950 0 59984709 -122.4152139 37.785357
10000 6 56312250 -122.408587 37.779683
1795 1 57958063 -122.414566 37.784058
1995 0 58523745 -122.411611 37.780643
2800 0 52040533 -122.414504 37.792132
2650 0 57918027 -122.41029 37.79074
3115 2 47739492 -122.413312 37.79074
2695 0 47739546 -122.407863 37.790988
2095 0 49214695 -122.413454 37.786958
2295 0 47739422 -122.41308 37.787888
2295 0 47739452 -122.414611 37.786777
2545 0 47739465 -122.409157 37.790788
1575 0 47739417 -122.412398 37.789286
2995 1 49976125 -122.406922 37.790815
3195 1 48626291 -122.41308 37.789398
2225 1 47739618 -122.411774 37.790482
2595 1 47739557 -122.414814 37.787694
5295 3 49279569 -122.409738 37.790774
4295 2 47739478 -122.408709 37.790948
2395 1 50446563 -122.415824 37.790088
3815 2 57393272 -122.408635 37.790767
2245 0 50530057 -122.409576 37.790773
2179 0 22915379 -122.416029 37.78798
3290 0 58679222 -122.41029 37.79074
3840 1 59875241 -122.414354 37.792656
4410 0 59875269 -122.414354 37.792656
3840 1 59873821 -122.414354 37.792656
4410 0 59873823 -122.414354 37.792656
1595 0 60293554 -122.415095 37.786906
2500 0 33683825 -122.4129463 37.7926459
2840 0 60087300 -122.414039 37.787042
2395 1 58192719 -122.406905 37.790932
3095 1 58218459 -122.407635 37.791843
2295 0 58218462 -122.407802 37.792009
3395 1 58218497 -122.408157 37.791962
2595 0 58218454 -122.407614 37.791663
1545 0 56008196 -122.413512 37.789842
2845 1 58218474 -122.412195 37.789009
3045 1 58218517 -122.408164 37.791759
2345 0 58192776 -122.408635 37.790548
1795 0 58218499 -122.415944 37.787219
3195 1 58218487 -122.408006 37.792412
2345 1 58218466 -122.414389 37.786853
2095 0 60150965 -122.415786 37.789453
1995 0 51448152 -122.40756 37.790515
2295 1 56449794 -122.412009 37.790473
1725 0 56469136 -122.4129 37.789463
2995 2 58842731 -122.415261 37.789914
3025 2 56469137 -122.410895 37.789626
6995 3 57665460 -122.414115 37.791418
1650 0 56138749 -122.415589 37.789098
1100 0 43654730 -122.405872 37.789436
2495 1 59190144 -122.415853 37.790362
3195 2 58502425 -122.411938 37.787444
2895 2 57572047 -122.415969 37.790629
3800 4 59504780 -122.407206 37.793314
1695 0 60297442 -122.409422 37.789814
1550 0 57575808 -122.415368 37.787842
2450 0 56466456 -122.414577 37.790988
5195 3 60293929 -122.415934 37.792501
2595 2 59608350 -122.414833 37.78798
2495 2 59608349 -122.414833 37.78798
1495 0 51447159 -122.415547 37.788906
2095 0 51416401 -122.414786 37.789687
1995 0 56449793 -122.407503 37.791018
1745 0 51446886 -122.415379 37.787269
3650 2 60127767 -122.415147 37.790113
1695 0 57268395 -122.415261 37.787607
1795 0 56443883 -122.410367 37.789897
1699 0 48730844 -122.411977 37.788207
2895 1 58899994 -122.415368 37.792881
4650 2 60263201 -122.411184 37.791026
3795 2 58640264 -122.414969 37.790074
3350 1 52883356 -122.41029 37.79074
2850 0 60167263 -122.412566 37.790349
4195 1 60196465 -122.413521 37.792564
2650 0 52767908 -122.41029 37.79074
2895 1 60054097 -122.415147 37.790113
1949 0 60075204 -122.412043 37.791141
2150 0 59161780 -122.411636 37.7934505
5250 1 59927077 -122.415328 37.793362
2695 1 59157660 -122.411951 37.790926
5650 2 58548218 -122.41282 37.786708
6495 2 58119983 -122.414531 37.792564
2495 1 58637235 -122.410709 37.790262
1855 0 43655152 -122.414814 37.78792
7500 2 38689740 -122.414073 37.793057
4200 2 55780066 -122.41423 37.793616
3600 2 55780062 -122.41423 37.793616
2950 1 55780063 -122.41423 37.793616
3700 2 55780064 -122.41423 37.793616
2950 1 55780061 -122.41423 37.793616
3100 1 55778830 -122.41423 37.793616
6200 2 55726931 -122.414184 37.793412
9000 3 55726928 -122.414184 37.793412
4200 1 55722367 -122.414184 37.793412
4000 1 55722366 -122.414184 37.793412
2480 0 58574969 -122.39963719035394 37.78714246632131
2927 0 39862813 -122.3951 37.787207
2568 0 16558692 -122.397418 37.783483
6160 1 59875151 -122.39814 37.791589
7220 1 59873831 -122.39814 37.791589
6160 1 59873817 -122.39814 37.791589
2480 0 58444801 -122.395873 37.78018
5610 2 59874537 -122.397548 37.788972
4290 1 59875016 -122.395923 37.789473
10800 2 59875621 -122.39814 37.791589
7190 2 59874477 -122.399019 37.790943
3410 1 59875084 -122.397548 37.788972
9420 3 59875433 -122.395923 37.789473
6230 1 59875141 -122.397326 37.79237
5610 2 59873792 -122.397548 37.788972
4290 1 59873809 -122.395923 37.789473
7360 1 60297360 -122.397326 37.79237
10800 2 59873867 -122.39814 37.791589
7190 2 59873778 -122.399019 37.790943
3410 1 59873813 -122.397548 37.788972
9420 3 59873840 -122.395923 37.789473
6230 1 59873815 -122.397326 37.79237
3040 1 58442691 -122.404495 37.780542
3040 1 58444678 -122.40413 37.780036
3960 1 58677261 -122.396242 37.787417
3495 2 44027807 -122.3991 37.786607
2750 1 54403223 -122.401316 37.787453
10000 2 60075427 -122.4011882 37.786286
24000 3 57570670 -122.4045519 37.78634949999999
21000 2 50092306 -122.3952707 37.789713
39000 3 59841884 -122.4045519 37.78634949999999
3200 0 51840038 -122.403389 37.779609
2359 0 59805786 -122.40413 37.780036
1895 0 56445112 -122.394643 37.780244
3100 1 59992511 -122.3991 37.786607
1450 0 59765899 -122.396541 37.781073
3875 1 52165872 -122.401979 37.786769
2895 2 57424994 -122.404938 37.780123
4995 2 52082645 -122.398873 37.785769
2750 1 54399329 -122.401316 37.787453
2500 0 60156403 -122.396718 37.779426
3200 1 58609522 -122.401316 37.787453
25000 3 57818317 -122.40436 37.785436
3795 1 50214734 -122.402867 37.779841
3200 1 59128495 -122.396232 37.781328
5000 2 59910172 -122.396204 37.790426
23500 5 59413783 -122.40436 37.785436
4950 2 24811135 -122.396711 37.785549
25000 4 58837785 -122.403449 37.787654
6745 2 47739470 -122.434392 37.794033
3845 1 47739407 -122.423302 37.80173
3695 1 47893253 -122.425102 37.797245
2595 0 50683097 -122.421275 37.800648
4195 2 47739621 -122.425266 37.8029
3795 1 47757408 -122.427137 37.794629
3195 1 49457079 -122.420274 37.798685
2595 0 48835139 -122.416673 37.796904
3295 1 53711264 -122.427494 37.796032
6640 3 59875625 -122.416161 37.799577
6640 3 59873868 -122.416161 37.799577
9190 3 58692665 -122.420274 37.795388
6170 1 59874722 -122.41818793990022 37.806585528330686
6170 1 59873799 -122.41818793990022 37.806585528330686
895 3 43289417 -122.4198682 37.7973923
2595 0 58203996 -122.417862 37.796649
6095 2 58204098 -122.421615 37.802424
2795 0 56008174 -122.423521 37.799867
2995 0 58204079 -122.424144 37.797412
3395 1 60311736 -122.419154 37.806053
4695 3 58712384 -122.418336 37.794329
4995 1 59470637 -122.425326 37.798259
2895 1 60249109 -122.423615 37.798453
3995 2 55519336 -122.423369 37.797515
3500 1 47658523 -122.436417 37.8029336
3650 3 57608466 -122.417938 37.795663
2695 1 60221142 -122.431924 37.801199
1850 0 60080279 -122.417057 37.79397
2550 1 60067154 -122.423838 37.794932
3500 1 10523303 -122.424709 37.793727
3699 1 58017056 -122.437501 37.800871
4295 3 59406160 -122.426061 37.801784
3500 1 54238376 -122.426159 37.794732
2495 0 60251114 -122.422085 37.804779
2950 1 57997310 -122.434088 37.799832
3795 2 56064219 -122.430149 37.794548
2695 1 60313646 -122.425266 37.802619
2395 0 56487763 -122.425019 37.800095
2395 0 60298181 -122.429396 37.80116
2395 0 56909285 -122.437605 37.805275
3095 1 56475368 -122.419685 37.80596
3900 3 60297068 -122.431348 37.800078
2150 0 59822914 -122.432473 37.796804
4249 2 56475188 -122.416625 37.799329
4750 2 56451205 -122.41823 37.805606
5995 5 60293935 -122.424918 37.796231
3995 1 60293922 -122.418733 37.798468
3195 1 60127764 -122.42128 37.799124
3295 1 60127765 -122.42128 37.799124
4295 3 59833871 -122.429959 37.801784
5895 3 60265796 -122.422556 37.798362
3195 1 60292351 -122.43721 37.803402
4750 2 60292322 -122.422011 37.805515
2795 1 60239198 -122.419895 37.796988
2800 1 57672228 -122.428594 37.79485
3500 2 57894696 -122.424885 37.800764
2995 1 59965954 -122.434037 37.800579
4295 2 60266068 -122.423296 37.804623
2850 1 56674682 -122.424971 37.801522
5495 2 60238421 -122.426061 37.796548
2600 0 52706685 -122.430772 37.795564
3925 1 45801657 -122.421455 37.794974
7495 3 59797044 -122.429479 37.800679
2875 1 13176551 -122.424365 37.800423
4025 1 43655340 -122.421455 37.794974
11000 4 59993140 -122.427144 37.795063
2350 1 24891576 -122.423802 37.797622
7995 3 60198362 -122.429479 37.800679
6900 2 60198036 -122.431813 37.793999
12000 3 44063205 -122.42930603027344 37.7957729
5000 2 59971592 -122.419729 37.7977
5500 3 60169144 -122.437154 37.801249
3300 0 47163987 -122.424843 37.800579
3695 2 60116222 -122.425029 37.801805
2775 0 56969604 -122.437448 37.802463
7100 3 59455326 -122.435557 37.804252
12300 3 59645433 -122.437622 37.794231
2400 1 59255024 -122.419547 37.796453
5495 1 59786483 -122.426061 37.796548
4995 4 59783067 -122.420372 37.798023
15000 3 59224921 -122.428357 37.795113
8500 3 32485676 -122.426387 37.802072
3495 1 60316875 -122.43627 37.80082
8995 2 60198363 -122.429479 37.800679
3195 1 51451073 -122.41835 37.794412
5000 2 58434093 -122.422029 37.794691
4195 2 47739599 -122.413996 37.794032
2575 1 47739530 -122.410513 37.796829
2895 1 47739520 -122.413328 37.793789
3780 0 58679932 -122.405666 37.804103
5170 1 59874979 -122.40497597582576 37.803614528330684
5460 1 59895281 -122.406261 37.79517
10620 3 59875459 -122.404691 37.802761
5170 1 59873808 -122.40497597582576 37.803614528330684
5460 1 59895277 -122.406261 37.79517
10620 3 59873843 -122.404691 37.802761
3050 1 59875716 -122.410458 37.80714
3018 2 41704744 -122.414247 37.802548
3950 2 59893930 -122.4053 37.800623
3500 2 59550471 -122.412407 37.800941
4445 1 58204006 -122.412774 37.794843
3095 1 58204014 -122.414938 37.794329
4795 1 58204101 -122.403727 37.799962
3700 2 47594898 -122.4099605 37.8041837
995 0 43315725 -122.4041055 37.7984233
3575 2 51446874 -122.414284 37.796715
750 0 59459668 -122.40686 37.797851
699 0 59459669 -122.407525 37.795077
3795 2 59748040 -122.404286 37.798881
5400 3 59583407 -122.414732 37.795085
6795 4 59443955 -122.413566 37.802008
4495 3 59157695 -122.405897 37.800917
3395 2 60012895 -122.41412 37.801922
2995 1 56485933 -122.412928 37.795564
4300 1 60297310 -122.404233 37.804064
2995 1 60297014 -122.405905 37.798767
1100 0 60293975 -122.403752 37.794794
6795 4 60160255 -122.413507 37.801887
595 0 59283182 -122.406954 37.798434
3195 1 60292325 -122.407783 37.801577
2695 1 60292324 -122.41301 37.794323
2795 1 58040235 -122.413406 37.795349
4495 3 58869618 -122.414212 37.794009
2500 0 60169966 -122.415452 37.796849
2950 2 60224220 -122.401043 37.801457
1795 0 60240072 -122.406514 37.796209
2395 1 60150490 -122.410147 37.799197
2300 1 60037196 -122.40536 37.800199
3200 2 59246625 -122.410256 37.797702
6000 1 60276998 -122.415121 37.798005
3100 1 26228048 -122.41343210000002 37.8029605
2000 0 56517529 -122.403416 37.797691
4750 3 59954220 -122.40813 37.800022
4795 3 56462975 -122.408646 37.803316
4950 1 55084207 -122.412481 37.80005
1975 0 36784657 -122.40904260000002 37.79784240000001
3850 2 60214272 -122.407019 37.802378
3300 3 44776047 -122.410862 37.796956
799 0 60177215 -122.403752 37.794794
5000 3 60171334 -122.410065 37.79485
1850 0 60168854 -122.407117 37.795709
1250 0 60162828 -122.404708 37.794649
899 0 60162829 -122.404708 37.794649
4200 1 60002222 -122.407019 37.802378
1850 0 59443956 -122.406581 37.7961
4895 3 59406176 -122.410885 37.796677
970 0 59430447 -122.405378 37.795794
2300 1 58682828 -122.407122 37.797262
2850 1 59955365 -122.405666 37.804103
4995 0 59175315 -122.40355 37.79797
5500 2 49181146 -122.403121 37.799287
4575 2 49067599 -122.409782 37.803237
10000 5 40784260 -122.409517 37.793865
3295 2 58355883 -122.412111 37.798163
4695 2 58962264 -122.410127 37.805105
15000 2 58471775 -122.415212 37.798453
6400 2 55930113 -122.415833 37.798815
2575 1 57297194 -122.4106 37.8017
4066 1 16558953 -122.393232 37.78718
3480 1 16556884 -122.393058 37.772473
2880 1 59958526 -122.392773 37.787695
3080 0 58680041 -122.389655 37.785891
3770 0 58444832 -122.393232 37.78718
6130 2 60323774 -122.389836 37.784422
4110 1 58677241 -122.389342 37.782315
2890 0 22916083 -122.393409 37.776373
2737 0 44076503 -122.391243 37.786574
4950 1 60275254 -122.391997 37.787134
5740 1 59875586 -122.390275 37.790609
4930 1 58771153 -122.393059 37.772473
5870 1 59875409 -122.389988 37.774542
5740 1 59873858 -122.390275 37.790609
5870 1 59873837 -122.389988 37.774542
3900 2 58911793 -122.389502 37.784463
3030 1 58679983 -122.390659 37.784966
2760 0 59043237 -122.38959 37.78392
2760 0 58679209 -122.389686 37.785444
2760 0 58679974 -122.388686 37.785219
3100 0 58679817 -122.389958 37.784804
3349 1 39863767 -122.391729 37.77293
4890 2 18387015 -122.3897154 37.78279819999999
3595 0 54722155 -122.39431 37.787527
2491 0 58919383 -122.389958 37.785102
3460 1 51419450 -122.39132 37.77277
2400 0 58448202 -122.390567 37.787453
3210 1 52171596 -122.393551 37.786073
1250 1 58887538 -122.393993 37.782845
3000 1 59978398 -122.394132 37.765029
3250 1 59390928 -122.393586 37.783701
5500 2 60323686 -122.38877615590575 37.788715528330684
3495 0 46744046 -122.3906928 37.7745752
3495 1 51205243 -122.390239 37.775529
3569 0 51419458 -122.390753 37.773473
3895 1 60311678 -122.392932 37.778019
3550 1 60291815 -122.3931606 37.7782214
3145 1 59978694 -122.392932 37.778019
3500 1 60176605 -122.391426 37.784519
2850 0 19716879 -122.3939 37.7872
4845 2 49146299 -122.392932 37.778019
1250 1 60276885 -122.394243 37.782906
5100 2 60267859 -122.3687 37.8187
3650 1 58422956 -122.394296 37.786142
4700 2 60239116 -122.394296 37.786142
5350 1 60225493 -122.391729 37.789098
4500 2 60217715 -122.39092 37.786906
7899 2 60162750 -122.390426 37.783669
6500 2 60172771 -122.391853 37.788687
5400 2 57854512 -122.394296 37.786142
4500 2 59393317 -122.388816 37.787339
3000 1 60101176 -122.390567 37.787453
3395 1 44911131 -122.3934978 37.7868803
3998 1 49026225 -122.3938672 37.7776624
5890 2 50071841 -122.3687 37.8187
2195 1 57719146 -122.3944454 37.776344
2400 0 58928171 -122.390567 37.787453
7200 2 55249865 -122.394296 37.786142
6000 1 58317509 -122.389847 37.783622
3895 1 60292359 -122.392085 37.786339
2650 2 48979187 -122.260397 37.7584837
2600 2 59176083 -122.2635455 37.7600893
2895 2 41183426 -122.2618882 37.7594134
2699 0 39013745 -122.233464 37.723585
2550 2 54730380 -122.259472 37.75878
2195 1 48643608 -122.240179 37.76277
4730 1 60156895 -122.247956 37.75409
1139 1 59941106 -122.178725 37.746809
2550 2 58185847 -122.251141 37.761056
2300 2 60058577 -122.1815369 37.7329623
4525 4 59066384 -122.252307 37.764627
2200 2 60177357 -122.24772 37.763275
2450 2 59528112 -122.178949 37.731849
2675 1 60126095 -122.250436 37.759207
2000 0 60298603 -122.24429 37.761335
1700 1 60297382 -122.179498 37.760992
4500 4 59832133 -122.23847 37.729032
5000 4 59223570 -122.245476 37.738892
4895 4 58002565 -122.252614 37.736472
1795 0 56477552 -122.24729 37.760745
2450 1 56457545 -122.258372 37.757731
3159 3 57612188 -122.187399 37.701757
2499 2 59893896 -122.1874 37.701757
2095 1 57412358 -122.251889 37.763292
2150 1 57521562 -122.245835 37.757834
2330 0 32131489 -122.269643 37.763267
2795 2 57263779 -122.2517849 37.7601893
2400 2 57176921 -122.246717 37.758302
1750 1 59671791 -122.180834 37.733956
2490 2 53923779 -122.188211 37.70179
2000 1 59454018 -122.25145 37.76
2150 2 59583097 -122.205979 37.760602
2295 2 56815140 -122.239092 37.76094
1499 1 57212738 -122.18279 37.746709
2100 2 60087968 -122.197811 37.761721
2850 2 52083574 -122.2590966 37.7579928
2150 2 58662955 -122.189558 37.75821
1900 1 58129181 -122.238634 37.761873
4300 3 60251619 -122.257055 37.758872
2700 2 60108070 -122.243235 37.756996
3200 2 59568390 -122.225466 37.763348
2380 2 59950521 -122.193018 37.734981
3900 3 60216646 -122.239349 37.734676
2300 2 60214729 -122.190291 37.754844
2949 2 59358157 -122.1874 37.701757
4200 3 60176918 -122.246761 37.763392
2000 1 60176907 -122.2446 37.757869
7500 3 59395994 -122.203665 37.739573
3495 3 59676098 -122.183841 37.699232
2800 2 60064651 -122.252466 37.760859
4800 4 59987980 -122.247962 37.73311
3600 2 59981517 -122.237334 37.753869
4750 4 59844286 -122.234354 37.730723
2500 3 58889311 -122.18613 37.738123
4950 4 59842404 -122.257664 37.739433
2350 2 59810147 -122.231212 37.759324
3200 3 59656403 -122.181983 37.752772
4200 3 59621874 -122.252681 37.736422
3200 2 59443415 -122.270205 37.762646
2600 2 58992419 -122.243417 37.758413
2595 2 58893356 -122.249855 37.759549
5300 4 58828599 -122.249446 37.733903
988 0 59451972 -122.239319 37.764323
2000 1 58701362 -122.181006 37.745983
1550 0 56485222 -122.25259 37.763093
2255 0 44419669 -122.295367 37.780611
3599 0 39013744 -122.275335 37.788373
2255 0 39864428 -122.271111 37.792917
3450 0 59979640 -122.28721 37.770322
1727 0 53454695 -122.273425 37.793366
2295 2 57906787 -122.280944 37.777094
1848 1 59462064 -122.283007 37.771279
2000 1 56757387 -122.288741 37.776669
6750 3 60300233 -122.281467 37.791301
2050 0 59722278 -122.280795 37.771133
2400 1 60205853 -122.2697 37.772901
2646 2 57581950 -122.279785 37.777398
2300 2 59821848 -122.266867 37.77393
2450 2 58856572 -122.267604 37.770609
1995 1 59512956 -122.266179 37.774591
2295 2 56322917 -122.281558 37.777112
2550 1 60125558 -122.287968 37.775868
2195 1 53173621 -122.268159 37.790453
4200 2 59887990 -122.279644 37.791601
2350 1 60012758 -122.280795 37.771133
1900 1 59751073 -122.278612 37.771787
2400 2 59739207 -122.274993 37.77593
4800 3 59684700 -122.282519 37.781611
2695 2 59950656 -122.280795 37.771133
1995 1 56322919 -122.269973 37.773552
1875 1 59335424 -122.269973 37.773552
1195 4 52789980 -122.2865995 37.8077452
2500 1 50354970 -122.300595 37.812374
895 7 52789983 -122.2865553 37.80771
2500 2 60000761 -122.299274 37.811784
2518 4 58491099 -122.295228 37.812374
3295 4 60231183 -122.301038 37.808384
995 1 60237713 -122.286985 37.80741
2195 3 59822955 -122.298232 37.81089
3295 4 59532967 -122.292574 37.812414
2400 3 45358732 -122.2879 37.8073
2750 2 52721618 -122.296837 37.804999
2100 1 59368137 -122.296426 37.814809
2600 1 59526975 -122.286573 37.813861
3100 2 60148942 -122.2948299 37.813468
3449 2 60148930 -122.2948299 37.813468
3100 2 59576638 -122.293818 37.813012
1925 1 59480274 -122.295177 37.81168
3100 4 59285211 -122.294057 37.807534
3499 2 59213801 -122.298232 37.805053
2400 2 59517116 -122.287442 37.807999
1495 0 51483208 -122.296213 37.810891
3500 5 58070400 -122.298289 37.810166
1775 0 59830434 -122.269289 37.801433
2299 1 59042348 -122.267789 37.812739
2019 0 51520847 -122.267964 37.812242
2045 0 51520874 -122.265754 37.814179
2030 0 51520813 -122.266815 37.81289
1774 0 39864347 -122.265282 37.81148
2980 1 58442701 -122.267789 37.812739
2290 1 58677186 -122.269545 37.806516
3300 3 59951068 -122.275674 37.819503
2299 1 46825877 -122.277633 37.811112
1737 1 60142327 -122.268432 37.813735
2500 2 60013595 -122.277109 37.802538
2000 1 59844425 -122.28465 37.813407
1742 1 53264328 -122.271698 37.811527
1395 1 60054065 -122.276583 37.806764
2600 3 53651334 -122.277568 37.820894
2163 2 59559866 -122.280081 37.809157
2375 2 58524560 -122.286135 37.809769
2300 1 58569855 -122.274476 37.806857
3600 2 59470140 -122.273335 37.794443
1749 1 60277910 -122.2729978 37.8079047
1699 1 60277907 -122.2729978 37.8079047
1045 1 53167336 -122.275185 37.805978
1900 1 58064616 -122.273363 37.799468
1500 0 58817241 -122.273652 37.816191
1850 0 58364571 -122.267835 37.7947
825 1 57888657 -122.271263 37.8017862
1600 1 56453286 -122.284007 37.807266
1395 0 56527278 -122.281408 37.822374
903 3 55663538 -122.275294 37.82202
1600 1 56458865 -122.268373 37.819028
2950 2 60110945 -122.272687 37.810374
2895 2 56849356 -122.274476 37.806857
1513 0 60209798 -122.266662 37.816876
1495 0 56453354 -122.27604 37.812569
2550 2 57612178 -122.279914 37.812577
2649 2 60321706 -122.265622 37.804487
1749 1 60321704 -122.265622 37.804487
1970 1 51418655 -122.270905 37.79486
2299 3 59085218 -122.274142 37.808477
2095 1 56594279 -122.280201 37.813117
3900 2 60300385 -122.273335 37.794443
1995 1 57126549 -122.272932 37.806857
3200 4 60295823 -122.273252 37.822215
3250 3 60295150 -122.284755 37.812544
1313 0 60294537 -122.27637 37.81089
2650 2 56608063 -122.284201 37.810847
2295 1 55435245 -122.265263 37.802083
1825 1 52520784 -122.28433623921272 37.81072318599031
2200 2 52031483 -122.28367738172034 37.82212918599031
1300 0 57191273 -122.266534 37.821722
2399 3 57212777 -122.271671 37.822452
2995 2 56706080 -122.268453 37.796699
2495 1 56323754 -122.274179 37.800082
1512 0 60288827 -122.267643 37.803548
2195 3 59527860 -122.27357 37.81715
1395 0 60025027 -122.269062 37.812989
1895 1 56457455 -122.265859 37.804103
2695 3 60155202 -122.271552 37.81915
2895 3 57540424 -122.280025 37.805505
1558 0 60209799 -122.266806 37.81703
1645 0 51448783 -122.274796 37.807653
1250 0 60198309 -122.285898 37.807675
1400 0 57476173 -122.276363 37.806667
1695 1 57254448 -122.276121 37.806886
2995 2 60266107 -122.265739 37.816242
2500 2 40354986 -122.277537 37.817542
1500 1 58127929 -122.277002 37.81589
1999 2 56368554 -122.268039 37.814754
3200 1 60098481 -122.278416 37.819551
3200 2 60109326 -122.280573 37.80696
3050 4 57686167 -122.279914 37.812577
2500 3 57686162 -122.279914 37.812577
1499 0 60088675 -122.268039 37.814754
2495 2 60087539 -122.276179 37.800649
2100 2 53807205 -122.2740627 37.8190898
1500 0 57127967 -122.26723 37.813912
2600 3 58998865 -122.281325 37.814665
2700 1 58797156 -122.277109 37.802538
3100 3 59887907 -122.28321 37.813665
3800 4 59763542 -122.283353 37.816298
1750 1 59760464 -122.279706 37.808805
4500 3 58844809 -122.270309 37.806082
8500 3 57774460 -122.271866 37.795085
1850 2 59154761 -122.283661 37.822179
1995 2 58638225 -122.278143 37.818801
2095 1 56566208 -122.272029 37.801176
1925 2 59644131 -122.273335 37.813912
2399 0 37816253 -122.288352 37.827289
2599 1 60249826 -122.295697 37.842042
1902 0 16558733 -122.294303 37.844976
2210 0 16558975 -122.28797 37.839644
2067 0 39863023 -122.296294 37.842949
2630 0 59238222 -122.295101 37.842521
2825 0 36623498 -122.295101 37.842521
2288 1 39863479 -122.29541 37.84312
2004 1 39864291 -122.292422 37.846522
2310 0 58679832 -122.28948 37.832775
3950 2 39143417 -122.2895817 37.830973
2397 1 45565634 -122.286687 37.846855
2250 1 50238754 -122.305091 37.839008
3478 2 59190481 -122.289081 37.846551
1750 0 59527776 -122.303972 37.837827
2300 1 59320268 -122.29555 37.844082
3000 2 60300232 -122.295697 37.842042
1900 0 59972517 -122.304687 37.839034
3000 4 59493771 -122.290624 37.847299
3400 2 57613002 -122.30566 37.839008
1950 0 60239289 -122.304687 37.839034
1950 0 57489622 -122.306735 37.838111
2195 0 60221056 -122.306972 37.837764
2700 3 60216335 -122.287584 37.845074
5500 2 60195631 -122.29266 37.83642999999999
1995 0 58459933 -122.306972 37.837754
1995 0 59527777 -122.304553 37.838922
1995 0 59527778 -122.306972 37.837754
2295 1 59429613 -122.303972 37.837827
3300 2 53713895 -122.295697 37.842042
2995 4 58491141 -122.276211 37.849174
3495 4 46221402 -122.265062 37.842459
2600 2 59987821 -122.270468 37.830348
895 6 52789988 -122.2650324 37.84250960000001
3600 3 60265379 -122.280385 37.825656
3400 4 60047729 -122.275792 37.82917
2750 3 59820359 -122.27343 37.835675
1810 1 54033412 -122.271813 37.84612
1850 1 58298389 -122.277849 37.834856
2486 2 60171328 -122.271738 37.84601
3100 3 56395625 -122.27649 37.829759
6500 5 59820386 -122.272363 37.831792
2600 2 59987819 -122.270468 37.830348
2600 2 59987820 -122.270468 37.830348
795 4 52789995 -122.2649796 37.8424978
2080 1 52166829 -122.279751 37.831727
2295 1 56447252 -122.27649 37.833886
2078 1 51425469 -122.283573 37.83014
2400 2 56816385 -122.276633 37.850437
2650 2 60058557 -122.278149 37.835969
1525 0 60001889 -122.269973 37.850988
2850 2 56320323 -122.282992 37.850866
3200 2 60046904 -122.269815 37.844627
2495 2 59286060 -122.268507 37.830558
1950 1 58447702 -122.280019 37.836265
1695 1 59115886 -122.279183 37.836908
1750 1 59941804 -122.281795 37.846724
2150 1 50545144 -122.2664743 37.8432233
2030 0 51451099 -122.283584 37.825404
2200 2 56534676 -122.271988 37.850277
3089 1 60316167 -122.279309 37.827661
2017 1 60311719 -122.278644 37.834524
1600 1 57198907 -122.2719 37.849664
2600 1 59386000 -122.270914 37.836958
2195 1 60299062 -122.281839 37.843566
2800 3 59630249 -122.271362 37.82908
1995 1 60294720 -122.27685 37.835133
1895 1 57384225 -122.2837 37.8352
3195 3 56518794 -122.269592 37.835453
1300 4 58233577 -122.276052 37.845082
2650 3 58986533 -122.281839 37.825619
2650 2 60074931 -122.270594 37.845393
3588 3 48321402 -122.2865221 37.8482002
3850 3 48920871 -122.2809241 37.8439824
2725 3 60152564 -122.285022 37.82483
2000 1 56452812 -122.277387 37.833722
1995 0 56448713 -122.277416 37.834561
1500 0 60276694 -122.276926 37.826979
1895 1 57937742 -122.266012 37.848959
2725 3 60092439 -122.279963 37.825541
2500 3 47187194 -122.269604 37.84412
2750 3 59779401 -122.27343 37.835675
2300 2 59643919 -122.273729 37.850966
1450 0 56519278 -122.266319 37.826102
2700 3 58998121 -122.277963 37.850293
2195 3 58594131 -122.278002 37.823343
3000 3 60264652 -122.272197 37.838775
1650 1 56453927 -122.275519 37.823058
2195 2 58312036 -122.283344 37.841388
2395 2 59559891 -122.273335 37.837886
1695 1 56451049 -122.275149 37.824443
1895 3 58017394 -122.272252 37.824307
2295 2 60236611 -122.265016 37.830142
1225 0 60236612 -122.265016 37.830142
1900 2 59587022 -122.276002 37.847854
2995 3 58249914 -122.273232 37.84429
2995 2 60216093 -122.272333 37.836769
2295 2 59647586 -122.274825 37.834948
2700 2 60108911 -122.27543 37.848898
1500 1 59468312 -122.265362 37.829534
3000 5 60089379 -122.270214 37.822922
2545 2 60087636 -122.272613 37.834471
2995 2 46749771 -122.2744901 37.8416194
2500 1 58483482 -122.277252 37.836222
2650 1 58483483 -122.277252 37.836222
2699 2 60066371 -122.273633 37.847793
2999 3 60066166 -122.281325 37.837372
2699 2 59683757 -122.273437 37.847465
2800 2 57053135 -122.27757 37.835518
2700 2 59559299 -122.283528 37.84686
3000 2 59428791 -122.278398 37.839146
2299 2 59156579 -122.280187 37.846338
2095 2 57233843 -122.269903 37.825528
2595 2 57732484 -122.271706 37.826413
1550 1 59676707 -122.276661 37.825655
3200 3 52727604 -122.285602 37.838916
1600 1 58893169 -122.271855 37.84967
1150 0 56474161 -122.27137 37.850003
1910 0 51425248 -122.275893 37.836457
2341 1 39863636 -122.29966 37.866584
3560 1 59875727 -122.298509 37.867488
3095 2 48556002 -122.293294 37.869918
3400 1 60159888 -122.3019173 37.8766804
2695 2 59101714 -122.287528 37.877648
1850 1 57000649 -122.294163 37.866834
2295 1 52532458 -122.291968 37.863689
2250 1 50286545 -122.291968 37.863689
2017 1 59927610 -122.288872 37.870798
2750 1 55788438 -122.2907651 37.862843
1895 1 60037163 -122.292081 37.864403
2095 2 60276103 -122.291667 37.870008
2300 2 57561588 -122.295163 37.862546
2300 2 57634145 -122.293426 37.860762
2245 1 58912653 -122.286598 37.872314
2495 2 59018505 -122.286598 37.872314
3500 2 60236475 -122.289269 37.878008
2000 2 59695161 -122.28668 37.866579
2450 1 59560914 -122.287831 37.878607
4750 3 59926835 -122.289863 37.864427
3250 3 58869650 -122.289728 37.864684
3400 2 59711567 -122.287729 37.878662
4300 3 59539892 -122.29047 37.876417
2450 3 58419212 -122.286598 37.866116
3895 3 57648715 -122.295873 37.876314
1700 0 57212607 -122.288139 37.873435
2295 1 52934399 -122.288353 37.877816
2600 1 59736266 -122.287489 37.87054
2650 2 60321024 -122.273052 37.854836
4968 3 60170994 -122.279149 37.855729
2800 0 59117163 -122.266697 37.860141
2800 1 59945131 -122.279557 37.856518
3100 2 44837700 -122.271744 37.853126
3695 2 58192842 -122.266943 37.865015
1420 2 55437006 -122.264964 37.864615
2195 1 54355529 -122.265066 37.864327
4995 2 58414022 -122.266697 37.860141
1745 1 58487956 -122.270446 37.855374
3900 3 57029797 -122.275314 37.852625
1795 1 60323244 -122.276908 37.862494
2100 1 58000322 -122.275568 37.851625
2595 2 60315277 -122.28621 37.854366
2995 2 58000258 -122.270893 37.863759
3300 2 58553962 -122.279782 37.863154
2600 2 60298946 -122.280615 37.858455
2100 1 59081843 -122.285406 37.862318
2950 2 60295502 -122.266942 37.852772
2100 1 60294734 -122.266942 37.852772
3199 2 60294731 -122.266942 37.852772
2295 1 60293519 -122.277594 37.85599
1795 1 56814898 -122.276078 37.862593
1995 0 59780279 -122.267148 37.860917
1995 1 50381395 -122.2687 37.864993
1995 0 56895957 -122.266716 37.863834
3496 1 56455827 -122.267711 37.864911
1900 1 60265353 -122.281634 37.863283
2240 2 59750610 -122.268964 37.862615
2295 2 56474017 -122.284436 37.852383
2150 1 60269104 -122.280472 37.854185
2695 2 59955916 -122.275594 37.852164
1975 1 57310205 -122.27769 37.862004
2728 2 59672992 -122.277882 37.854541
1995 1 56463747 -122.274652 37.852289
2695 2 57472788 -122.27022 37.863856
2595 2 57537055 -122.2745 37.8621
2745 2 56459499 -122.277136 37.85564
3500 2 56646259 -122.270869 37.855225
1999 2 58288072 -122.274779 37.861826
2416 1 56454682 -122.271914 37.863519
2695 2 56468697 -122.265408 37.863035
1895 1 58984910 -122.270552 37.863797
2895 2 57001716 -122.266179 37.862018
2995 2 57800250 -122.265643 37.862127
3950 4 58003212 -122.281042 37.86478
3875 3 60130366 -122.276973 37.85479
3795 3 59993682 -122.276973 37.85479
2195 1 60077447 -122.266789 37.865223
2195 1 59926126 -122.265426 37.856449
1350 1 59468251 -122.277068 37.863494
2375 2 58073254 -122.280225 37.853529
2550 2 58041016 -122.269643 37.854672
2195 2 58765974 -122.276918 37.862668
1199 1 57699256 -122.274117 37.855302
1825 0 58855108 -122.267344 37.865109
1850 0 56482978 -122.280327 37.860326
1850 0 56992604 -122.280294 37.860166
1850 0 58637229 -122.280335 37.860368
2700 2 57822390 -122.280111 37.860283
2700 2 58039996 -122.280111 37.860283
1900 1 58081037 -122.270612 37.864223
2900 2 60321749 -122.265835 37.865342
2575 1 59468322 -122.278835 37.854164
1300 1 57407067 -122.276197 37.85479
1150 1 56545878 -122.276529 37.868892
3495 2 58358445 -122.275424 37.869342
2710 1 59874872 -122.268897 37.868292
2695 1 57317722 -122.268892 37.870798
2900 1 56923589 -122.268297 37.874182
999 0 56455804 -122.266848 37.868398
1995 1 56458978 -122.274756 37.867333
3445 2 56921017 -122.271468 37.871106
1255 0 57188459 -122.270468 37.87144
4500 3 54120158 -122.286195 37.872363
1050 1 56360504 -122.265789 37.874393
2200 1 59958261 -122.268462 37.876151
3495 2 58358446 -122.275424 37.869342
2395 0 57608336 -122.265775 37.874579
1247 0 56455821 -122.272652 37.870908
2195 1 57982163 -122.274294 37.869478
3400 3 57709662 -122.275091 37.874611
2200 1 56454575 -122.272476 37.874929
2600 2 57756171 -122.271973 37.879144
1725 1 56322557 -122.27709 37.870914
3100 3 58562201 -122.271644 37.873238
2495 1 57621448 -122.265815 37.875025
1795 0 57385806 -122.269063 37.871954
870 0 57907077 -122.268697 37.871787
2300 1 58154018 -122.274932 37.875521
3160 0 44574744 -122.26723 37.873071
2795 2 56035765 -122.274625 37.874679
2200 0 60058250 -122.266012 37.879151
2200 0 55629913 -122.266304 37.876569
2995 2 56740477 -122.270283 37.874522
1850 0 56461878 -122.265088 37.874509
3000 2 57210015 -122.277608 37.874308
2395 0 56322061 -122.274612 37.871025
997 0 56322751 -122.2675 37.871652
2500 2 57136343 -122.276109 37.872363
2400 2 57198760 -122.273349 37.876269
2400 1 59493528 -122.266373 37.878946
2500 2 56460574 -122.27649 37.868734
6000 2 58017055 -122.26844 37.879709
2500 2 57894819 -122.278973 37.872346
2750 2 56685404 -122.277765 37.871611
1450 0 56480579 -122.272946 37.868223
1100 1 59506926 -122.277744 37.870652
5400 3 56458851 -122.276583 37.872293
2650 2 59583458 -122.279248 37.87009
2950 1 59980049 -122.2666 37.877035
5000 3 53222580 -122.265456 37.866318
1499 0 60168868 -122.277084 37.871293
1149 0 60029271 -122.277084 37.871293
2200 1 60097805 -122.276197 37.866292
2200 1 60065902 -122.279919 37.871304
2395 2 60036627 -122.278973 37.874087
6000 4 49212465 -122.26605 37.866267
2700 4 48979580 -122.26605 37.866267
1000 1 59981438 -122.265942 37.877694
1599 0 59630497 -122.277084 37.871293
1575 0 59477499 -122.266221 37.87583
3995 3 58354714 -122.270706 37.878868
3900 3 58614846 -122.270706 37.878868
6200 3 59372921 -122.270706 37.878868
1575 0 58728015 -122.27709 37.870914
1800 1 59448114 -122.26605 37.866267
2795 2 56323423 -122.270294 37.87483
4195 3 57957802 -122.270248 37.87989
3695 2 58118096 -122.270248 37.87989
3695 2 58118097 -122.270248 37.87989
2695 1 57297205 -122.2476 37.7902
1545 0 52166109 -122.2449 37.7921
1680 1 59844325 -122.260189 37.775426
1780 1 59820366 -122.26022 37.775618
2300 2 60012651 -122.253383 37.771325
2395 2 56472521 -122.250173 37.769379
2579 1 55442114 -122.264604 37.782404
2400 2 56350967 -122.254173 37.769707
2295 2 60066039 -122.256653 37.769992
1595 0 56695888 -122.246944 37.767862
1650 1 56476462 -122.24596 37.788223
1995 1 58025667 -122.253558 37.771094
2300 2 59339142 -122.262529 37.771621
2495 1 59188245 -122.256466 37.772952
2900 2 59928570 -122.249059 37.769227
3300 2 59993876 -122.250751 37.773529
2250 1 56816539 -122.244691 37.765464
1600 1 60114463 -122.250877 37.790956
1895 1 58445405 -122.256707 37.771349
2100 2 60035875 -122.256255 37.771887
2500 1 60012955 -122.247638 37.770265
2250 1 60276255 -122.25674 37.770808
1875 1 59761037 -122.244938 37.765418
1800 1 59795788 -122.246265 37.770809
1679 0 56751690 -122.2641 37.7721
2350 2 59298408 -122.2641 37.7721
2200 2 59366255 -122.256737 37.764962
2000 1 59415206 -122.255272 37.770296
1900 1 59104027 -122.254255 37.768797
2100 1 57708896 -122.26154 37.770187
2295 1 56448710 -122.253145 37.767638
1975 1 57323224 -122.260408 37.77619
2400 2 58384982 -122.247511 37.79172
2850 2 60117877 -122.254549 37.765154
1780 1 58463193 -122.26022 37.775618
2700 2 60087591 -122.259952 37.772609
2950 3 59748681 -122.249023 37.771446
2000 1 59645701 -122.251825 37.772621
2100 1 59893884 -122.2464 37.77254
2800 2 59844287 -122.263163 37.768562
2500 2 59671764 -122.252217 37.76873
1680 1 59857550 -122.260189 37.775426
1995 1 58448019 -122.246355 37.772483
1950 1 58322519 -122.2464 37.77254
4200 3 56321691 -122.247912 37.770493
1895 1 56317145 -122.254372 37.770382
1550 0 60098767 -122.259272 37.771171
1595 1 27811978 -122.22886419999998 37.785051
2850 1 50189224 -122.233634 37.773446
3595 4 59820272 -122.223171 37.789219
1795 1 45118913 -122.2288496 37.7850652
1395 0 56459465 -122.228186 37.78106
1700 1 56745588 -122.239558 37.765219
1650 1 58067176 -122.226474 37.783958
1799 2 58708822 -122.224919 37.783073
1450 1 59800895 -122.227156 37.784832
1795 1 59480236 -122.234986 37.782102
1395 0 60025300 -122.228579 37.785372
1395 0 56631291 -122.232464 37.786196
1400 1 58580114 -122.225285 37.784525
1345 1 58565486 -122.233161 37.785098
1300 0 58095237 -122.23261 37.781123
2500 2 60297541 -122.225801 37.793092
1975 2 60295207 -122.232972 37.784422
2100 2 57272013 -122.236327 37.789272
2395 0 60292235 -122.236217 37.774804
1370 1 59954974 -122.22842 37.784295
2395 2 59523960 -122.229261 37.781161
2400 2 60053848 -122.232652 37.782372
2850 3 58066418 -122.23653 37.790532
2545 3 60111877 -122.227982 37.783725
1995 2 60107158 -122.240047 37.78875
2390 1 55937483 -122.232319 37.77187
1525 1 60204625 -122.222025 37.782894
3300 3 58869624 -122.237578 37.765527
1495 0 60269061 -122.229448 37.784328
1750 1 59844899 -122.239711 37.765392
1500 1 60268287 -122.228779 37.78518
1450 1 59008335 -122.227186 37.784942
1895 2 60265433 -122.230111 37.784571
1495 0 60265434 -122.228052 37.784936
1395 0 60219989 -122.23353 37.785207
2200 2 60216125 -122.242121 37.768539
4750 2 60150239 -122.241482 37.767512
1495 0 60098842 -122.230176 37.78418
1495 0 60098841 -122.230176 37.78418
1895 2 60096418 -122.229448 37.784328
1495 0 59951088 -122.229448 37.784328
1495 1 59997909 -122.235592 37.784839
3200 3 59984797 -122.239427 37.789574
1895 1 59964656 -122.24072 37.768306
1495 0 59932322 -122.229448 37.784328
1495 1 59890405 -122.235592 37.784839
6999 5 49848832 -122.233275 37.789272
1495 1 59532436 -122.235592 37.784839
2450 2 59316293 -122.233288 37.776408
2450 2 59297481 -122.233288 37.776408
1995 1 59031570 -122.228779 37.78518
2395 2 59031569 -122.228863 37.785058
1595 1 59031563 -122.228779 37.78518
1995 1 59031564 -122.228863 37.785058
2250 1 56975682 -122.226829 37.783568
1900 0 51450373 -122.230334 37.772552
1795 1 56843899 -122.257614 37.796685
1600 0 56445432 -122.262345 37.803649
4240 3 60298787 -122.248387 37.800444
2560 2 58817541 -122.251189 37.802176
1795 0 51406378 -122.251566 37.800378
1895 0 50270167 -122.245568 37.802176
2495 1 48060246 -122.24707 37.804396
1650 1 53178710 -122.256189 37.798329
2250 1 60293556 -122.262359 37.802649
2495 1 60293553 -122.250141 37.805458
2475 2 60026253 -122.252664 37.802922
3895 3 58938259 -122.257436 37.799329
1700 1 56443295 -122.251983 37.801176
1995 2 60297005 -122.245252 37.800976
1735 2 58197522 -122.248209 37.7977
1625 0 51448794 -122.250845 37.798589
2745 2 59774297 -122.256039 37.799355
1604 1 56534257 -122.254946 37.798677
1550 0 58852954 -122.262426 37.803458
1895 1 56469214 -122.245309 37.796009
1595 1 56447256 -122.251199 37.797406
1550 1 57355419 -122.249899 37.799167
3995 3 59980618 -122.253334 37.802871
1795 1 59392377 -122.263739 37.803805
3250 2 59738657 -122.250169 37.801235
1850 1 56631177 -122.263622 37.80269
1475 0 58729991 -122.249638 37.794497
1495 0 58561868 -122.248431 37.797388
1500 0 58580014 -122.262258 37.803894
2499 2 56459737 -122.257156 37.799285
2400 2 60065922 -122.250845 37.800548
1795 0 51448769 -122.248759 37.802857
1695 1 56455188 -122.263189 37.803705
1879 1 60311873 -122.249855 37.802343
2613 2 60311874 -122.249855 37.802343
1699 1 57154924 -122.263529 37.804122
2050 1 55880276 -122.24707 37.807199
2050 2 58637641 -122.250169 37.794789
1950 1 60297658 -122.251129 37.803095
1495 0 57088739 -122.24907 37.798245
1595 0 59213775 -122.25251 37.803319
1550 0 56459277 -122.264319 37.80304
1550 1 58934176 -122.252225 37.798767
1600 0 60238853 -122.255628 37.794032
1650 0 56674020 -122.263964 37.803433
1495 1 58777654 -122.250681 37.795659
1520 0 59979315 -122.249674 37.801339
2600 2 57937205 -122.249956 37.801343
2095 1 58289018 -122.245868 37.80804
1595 0 51469432 -122.253314 37.797074
1545 0 51469440 -122.264578 37.802378
1800 1 56453924 -122.246121 37.7957
3400 3 59750250 -122.24725 37.806718
2050 2 55797577 -122.250299 37.794715
1895 1 59490572 -122.263848 37.797789
1850 1 56443278 -122.264492 37.802653
2150 0 56459768 -122.247538 37.807989
1737 0 59885951 -122.255691 37.799388
1550 1 57276244 -122.249642 37.797141
2750 1 60256066 -122.252129 37.800619
1595 1 56447255 -122.248887 37.799663
2495 2 58289096 -122.249549 37.800989
1895 1 60034716 -122.262936 37.801675
2100 1 60229066 -122.253749 37.797453
1995 1 58604932 -122.254496 37.797329
2300 1 59689419 -122.249691 37.798231
2350 2 58378327 -122.243674 37.802114
2100 1 60081364 -122.253749 37.797453
2100 1 58651343 -122.24729 37.806283
3495 2 60001157 -122.261883 37.803384
2195 1 59383451 -122.251129 37.800235
2475 1 59798856 -122.255764 37.807822
1700 1 59238304 -122.247674 37.795167
2000 1 58471412 -122.251588 37.803038
2600 2 58418945 -122.253833 37.798988
2895 1 59646501 -122.261942 37.804416
2495 0 59646502 -122.261942 37.804416
2495 0 59312861 -122.261942 37.804416
2595 1 56197804 -122.261942 37.804416
1750 0 43655170 -122.253751 37.800822
2650 2 59107849 -122.253751 37.800822
1848 0 51912912 -122.264373 37.814242
2195 1 51438188 -122.259436 37.810191
1995 0 47739389 -122.259022 37.814204
2995 2 50556718 -122.257217 37.815333
1710 1 60231075 -122.255902 37.816456
2145 1 59994062 -122.254993 37.817639
3030 0 58444600 -122.264373 37.814242
2700 1 48590661 -122.258667 37.817939
2500 1 60026112 -122.254751 37.817353
2333 1 60197361 -122.256928 37.81195
3084 2 58146759 -122.256928 37.81195
1792 0 58643406 -122.256928 37.81195
1445 0 58719848 -122.254833 37.813609
4200 4 58500682 -122.25739 37.820215
1695 1 56607240 -122.259599 37.817844
2295 1 55908490 -122.254946 37.814191
2000 2 57720971 -122.25671 37.816551
2395 1 57942474 -122.256314 37.812298
1550 0 56353241 -122.25739 37.80969
2095 1 59066768 -122.259268 37.812211
1903 0 52173223 -122.263509 37.814137
1296 0 57624226 -122.260792 37.816448
2395 1 60322153 -122.256407 37.810085
1750 0 51448524 -122.254749 37.809157
2021 0 52173243 -122.263769 37.815391
1795 1 60298199 -122.25551 37.815166
1934 0 58727840 -122.264345 37.812569
3700 2 58344648 -122.257902 37.812448
1795 1 56453485 -122.257088 37.812093
3208 3 57385964 -122.259141 37.821567
1950 1 60299382 -122.25671 37.809554
1875 1 57673459 -122.256681 37.813242
1995 1 56470000 -122.259231 37.811012
3200 3 59337305 -122.25724 37.817823
1625 0 58196869 -122.259672 37.812942
1450 0 59926713 -122.25924 37.816747
1495 0 57408283 -122.257307 37.813329
2150 1 58675497 -122.258466 37.811912
1995 1 57731039 -122.256225 37.817423
2035 0 59749277 -122.262942 37.816657
2445 1 51469336 -122.254672 37.81368
3155 2 56447651 -122.257334 37.819551
3150 2 60107640 -122.254334 37.81083
2075 1 56922211 -122.257858 37.820376
1902 1 60209800 -122.258189 37.814342
2025 1 56443830 -122.258707 37.813112
5250 4 60205020 -122.255664 37.817191
2300 1 56317431 -122.259966 37.811858
1595 1 56482156 -122.257272 37.809989
2100 1 45011770 -122.2596828 37.8202532
2995 2 52091552 -122.2570315 37.81125249999999
1795 1 56631171 -122.259299 37.817928
2250 1 57068015 -122.255893 37.810211
1295 0 59762156 -122.255672 37.808623
1675 1 56453488 -122.254603 37.812665
3600 2 56460675 -122.25506 37.811163
1495 0 59385199 -122.256072 37.812489
4250 3 60196084 -122.262806 37.812166
1725 1 58197542 -122.259217 37.820902
2295 2 57476757 -122.254928 37.813043
1745 1 58197544 -122.257383 37.813166
1995 1 57961147 -122.256913 37.813072
2385 1 59749280 -122.262942 37.816657
1495 0 50556507 -122.254993 37.817639
2595 2 59384644 -122.254549 37.815739
2150 1 58971478 -122.254974 37.816596
2790 2 59749282 -122.262942 37.816657
3200 2 50228925 -122.25539 37.817256
1805 0 55740534 -122.263936 37.813712
3200 2 59686966 -122.26044 37.815906
3095 2 59564364 -122.256749 37.811577
2195 1 58523776 -122.254572 37.816477
1795 1 57865891 -122.256749 37.811577
1950 1 58777168 -122.254825 37.808538
1695 0 54131620 -122.264221 37.813581
2400 2 56451607 -122.252169 37.81472
2026 1 56497318 -122.252255 37.819211
2395 1 50238752 -122.253751 37.820655
2095 0 53069421 -122.250983 37.819643
2095 1 47739580 -122.251436 37.813239
2095 1 47739508 -122.252993 37.809487
3695 2 54286711 -122.249454 37.814784
2150 2 60026254 -122.253199 37.815596
1895 1 59774459 -122.244136 37.813616
2595 2 60243519 -122.244868 37.813613
1750 1 59661612 -122.2537107 37.8151138
1699 0 57360281 -122.251572 37.811989
1799 1 57360283 -122.244082 37.808378
2195 1 59367522 -122.252502 37.812386
2150 2 56974782 -122.251098 37.817298
2225 1 59772504 -122.253472 37.816093
1825 1 60027533 -122.245538 37.808587
2395 2 57930826 -122.250225 37.814072
5800 4 57151930 -122.243379 37.818928
2500 1 56380644 -122.246285 37.81228
2295 1 56735214 -122.244227 37.815876
2050 1 57477007 -122.252502 37.814043
1795 1 60298198 -122.252707 37.816489
1795 0 51448530 -122.253329 37.80896
1695 1 56719043 -122.251355 37.819392
1875 1 60169023 -122.247559 37.814774
2200 1 60297048 -122.244344 37.811256
2100 1 56645856 -122.246568 37.811989
1850 0 56473985 -122.248446 37.821958
2295 1 56473034 -122.248059 37.808249
1995 2 56836928 -122.249761 37.818342
2100 1 51453165 -122.252993 37.820932
2275 1 59750621 -122.244993 37.816784
2495 1 59384626 -122.243855 37.811936
2895 2 58513201 -122.251466 37.820661
1828 2 59100881 -122.252952 37.813273
1604 0 60209801 -122.253307 37.810708
2100 1 58605350 -122.244365 37.815551
2795 2 57552409 -122.251825 37.810298
1695 1 56464761 -122.249912 37.817639
1695 1 59366723 -122.249199 37.821332
1700 1 51136855 -122.252934 37.815068
3395 2 59942107 -122.244582 37.821364
2250 1 56487699 -122.252098 37.82082
2075 2 56453487 -122.245512 37.81395
1895 0 56453486 -122.243712 37.812612
1895 1 59920954 -122.246278 37.809022
2195 2 59543024 -122.246278 37.809022
2050 1 46974679 -122.251889 37.812665
2550 2 59939736 -122.250225 37.814072
3650 2 59905142 -122.250825 37.821255
2400 1 60119877 -122.252488 37.821633
2800 2 60167512 -122.253466 37.814884
2350 1 59822404 -122.251889 37.812665
6500 3 52821919 -122.250603 37.815353
2475 1 59931431 -122.246993 37.808458
2195 1 59737891 -122.25071 37.822485
1895 1 59621818 -122.248506 37.81889
1850 1 57056544 -122.246183 37.808579
2100 1 59063376 -122.250022 37.813273
2095 1 55040450 -122.248938 37.813317
1785 1 59387569 -122.252707 37.816489
4500 2 58323218 -122.253169 37.808463
1950 1 59059052 -122.243065 37.816712
2950 2 47213745 -122.242809 37.812812
2130 1 60216793 -122.242586 37.80066
5900 3 59844324 -122.241568 37.810861
2100 2 59480163 -122.229482 37.799193
1695 1 56901908 -122.240538 37.801978
1995 1 56979307 -122.240166 37.803295
1995 2 60034197 -122.227141 37.800952
1795 2 59800893 -122.229958 37.796732
1900 2 59689890 -122.242265 37.801871
1595 1 58054274 -122.229839 37.796999
1595 0 59047358 -122.226374 37.801308
1875 1 60311460 -122.243018 37.813147
1745 1 58196857 -122.241309 37.800249
2199 3 57209781 -122.232467 37.800251
2600 3 45564258 -122.240324 37.802249
1925 1 56483058 -122.227815 37.801942
1745 0 51448734 -122.238608 37.803201
1495 1 56456770 -122.241879 37.801722
2150 2 58561767 -122.240568 37.796167
1695 0 60276202 -122.229875 37.797482
1958 1 58997188 -122.23661 37.801396
2095 1 56990608 -122.227478 37.800037
1465 1 56492886 -122.240747 37.801505
1699 1 57209829 -122.231013 37.795794
1975 2 60266024 -122.226518 37.801548
2200 2 59202330 -122.230209 37.801082
1950 1 59365785 -122.241032 37.800384
2050 1 49818133 -122.239972 37.801433
1500 1 54544466 -122.237791 37.800749
2025 2 59446045 -122.221801 37.794373
2500 2 60081283 -122.240552 37.806701
1199 1 59686338 -122.241568 37.79885
2200 2 59285115 -122.24025 37.796685
2100 2 59925292 -122.227023 37.801384
2100 2 59925293 -122.227023 37.801384
1875 1 59900389 -122.243018 37.813147
1675 0 59900390 -122.243018 37.813147
1875 1 59434558 -122.243018 37.813147
2850 3 59788353 -122.233548 37.797113
4100 2 59711563 -122.224721 37.799532
2100 2 59389522 -122.222402 37.79452
1450 1 56497111 -122.234245 37.794677
2390 1 58487496 -122.243278 37.817317
2295 2 60264527 -122.206281 37.774849
1495 0 59694920 -122.196905 37.767631
2429 3 59951577 -122.220044 37.790769
2549 3 60231495 -122.215589 37.78575
1498 1 59754634 -122.220596 37.779265
1398 0 59891174 -122.220596 37.779265
2535 1 60006047 -122.184642 37.787483
2495 2 49010662 -122.2149308 37.7932265
2695 3 59302849 -122.206281 37.774849
2295 2 50888080 -122.206281 37.774849
2250 2 57016771 -122.193824 37.791564
1495 1 58073256 -122.191046 37.773008
1795 1 55192152 -122.196781 37.7675211
1495 1 58669900 -122.182915 37.769018
1895 2 59760469 -122.182678 37.769632
995 0 59795450 -122.204187 37.782784
3200 2 58482967 -122.183761 37.7917
2595 3 58651539 -122.207161 37.786599
1350 0 56674310 -122.198112 37.772685
1500 1 56444952 -122.195374 37.768335
1500 1 59660455 -122.211606 37.791633
1695 1 56473595 -122.210885 37.787123
1999 2 57210109 -122.205684 37.784894
1699 1 60309957 -122.2195 37.777
3200 3 60304744 -122.185158 37.767862
3195 3 60067599 -122.221385 37.786102
4390 4 60296337 -122.187439 37.776282
2500 2 60295181 -122.183211 37.771313
2800 2 58930581 -122.215354 37.783073
3000 3 59416275 -122.205984 37.78792
1450 1 59368685 -122.205275 37.780888
1750 1 58877427 -122.198688 37.791026
3700 3 55625214 -122.1848246828115 37.76612818599031
1295 0 56461283 -122.218731 37.781891
2375 2 57007710 -122.204814 37.776046
2995 2 59981106 -122.194097 37.777217
2350 3 56669997 -122.206394 37.779683
1275 0 58777888 -122.192201 37.770552
1800 0 60107717 -122.181287 37.774683
1595 1 56444237 -122.192328 37.769512
2395 2 58311325 -122.184742 37.785269
1995 2 60204624 -122.211654 37.788599
1600 1 55626145 -122.209349 37.791032
3600 3 59009877 -122.193953 37.769306
1995 2 59837504 -122.213476 37.773898
2195 2 53054244 -122.21975 37.788607
1550 1 59638439 -122.207522 37.77854
2950 2 59514545 -122.214414 37.789933
2100 2 56453491 -122.206002 37.785825
2729 3 59008534 -122.202249 37.767824
1950 1 57123588 -122.19545 37.776502
1895 2 56559709 -122.221302 37.789221
1900 1 57235941 -122.187716 37.771265
1350 0 57088542 -122.182301 37.775305
1237 0 60255161 -122.203927 37.783009
1237 0 60255160 -122.203927 37.783009
2550 2 60252550 -122.203033 37.787492
3495 4 60229565 -122.206223 37.783906
3319 3 59646938 -122.215395 37.774529
2850 2 60225793 -122.195229 37.791349
1895 2 59513500 -122.204814 37.780255
2950 1 60012694 -122.197962 37.783255
1600 1 60193659 -122.191949 37.773621
1700 1 60175932 -122.20411 37.786568
1695 2 60152797 -122.198732 37.772052
2600 3 59965891 -122.210766 37.772924
1400 1 49282388 -122.184729 37.784742
1995 1 58900571 -122.214568 37.780196
1800 1 59638612 -122.219731 37.790305
4499 4 59833013 -122.218528 37.789558
1495 1 60000812 -122.210589 37.787234
2795 3 56124349 -122.209917 37.777103
1700 1 59645839 -122.210077 37.786853
3450 3 58924219 -122.215953 37.791412
3300 2 59878612 -122.202419 37.769181
2800 2 57177504 -122.213033 37.784888
1595 1 59819729 -122.206486 37.779568
1695 1 59643433 -122.212685 37.774794
1395 0 59795446 -122.182796 37.770814
1395 0 59795447 -122.182796 37.770814
1395 1 59795448 -122.183053 37.770835
1495 0 59351887 -122.20244 37.780701
1695 2 59760465 -122.198732 37.772052
2700 4 58593045 -122.204471 37.779976
1750 2 57239740 -122.182796 37.770814
2050 2 58154260 -122.202223 37.778976
2850 3 59239261 -122.195229 37.791349
3200 2 57346762 -122.194562 37.790789
1000 1 51144934 -122.200499 37.770972
2423 2 60053870 -122.217517 37.796681
5500 3 59298718 -122.19812 37.80374
1795 2 58562115 -122.212685 37.79391
2200 2 56475002 -122.206087 37.797532
2850 3 58384690 -122.205002 37.797728
3500 3 59972483 -122.200364 37.794262
1950 1 56321494 -122.206394 37.7977
1995 2 53130062 -122.201884 37.794868
7250 5 58501702 -122.217128 37.818329
1695 1 57499735 -122.2106 37.8026
1619 1 56338791 -122.217986 37.794759
2295 2 58828167 -122.212579 37.79917
1695 1 60149522 -122.208187 37.793728
1900 1 60114831 -122.195767 37.796285
2149 1 54663969 -122.216354 37.80196
8600 4 60013081 -122.21532 37.813876
1595 0 56462478 -122.216265 37.794329
2300 2 59243652 -122.212374 37.798443
2495 2 50774347 -122.2108967 37.7978859
1850 1 56458691 -122.209433 37.819671
3700 2 60014031 -122.217704 37.812551
2250 1 60237321 -122.212033 37.802458
3200 3 60198084 -122.204714 37.801587
2200 1 60159951 -122.219248 37.81037
1900 0 58540950 -122.2158 37.795497
5990 4 58900833 -122.203522 37.81295
5100 3 59843514 -122.179865 37.800363
2395 1 48865232 -122.249198 37.824903
2980 1 58679745 -122.256549 37.824094
2100 2 52535552 -122.2641098 37.8314381
3154 1 56455745 -122.256549 37.824094
1725 1 58888244 -122.263119 37.829229
1550 0 53987562 -122.2638379 37.8287827
1995 1 55040452 -122.249324 37.824137
2495 2 56461942 -122.260088 37.830101
3000 2 56475310 -122.2233 37.8286
2195 1 58236817 -122.252726 37.832651
2349 0 60082689 -122.261924 37.837508
2750 2 56450014 -122.252072 37.83301
1564 0 56674452 -122.261179 37.839764
1995 1 60028339 -122.251108 37.830973
2200 2 54197726 -122.252369 37.827299
2650 2 59245147 -122.262654 37.829102
1995 1 60012929 -122.250785 37.831084
2750 1 59762022 -122.251956 37.827897
2400 1 59621756 -122.249431 37.823996
2100 1 57052687 -122.252737 37.835034
2195 1 56545729 -122.26138 37.838792
1700 1 58128834 -122.264207 37.824058
2895 3 57485464 -122.264094 37.825599
1695 0 57238889 -122.251816 37.826121
1999 1 55473655 -122.250173 37.832457
1640 0 59773807 -122.253334 37.825926
1000 1 60291829 -122.254022 37.848268
2096 1 58953168 -122.259064 37.826912
3400 1 60115742 -122.253072 37.849976
2095 1 60224267 -122.254802 37.823502
1850 0 56816534 -122.255681 37.844063
2525 1 60098093 -122.250913 37.847161
2103 2 56473987 -122.255833 37.827586
3195 2 55194136 -122.249236 37.825811
1900 1 58016126 -122.2644 37.8337
2928 2 59269633 -122.252344 37.845376
2095 1 59125580 -122.256418 37.82773
1895 0 58212603 -122.261867 37.85068
2495 1 56801786 -122.261207 37.82971
2100 1 60238850 -122.256355 37.829246
2495 2 56474612 -122.249538 37.822729
1500 0 60251861 -122.252329 37.832348
1850 1 60236610 -122.264924 37.830126
1595 0 59541948 -122.26255 37.829752
1600 1 60203254 -122.254889 37.826167
1950 2 60198508 -122.264836 37.827426
4500 3 59622697 -122.248795 37.832841
5500 3 57970816 -122.248023 37.840846
2795 1 60024580 -122.250893 37.82494
1795 1 53292407 -122.26285080000001 37.827672299999996
4630 2 60150745 -122.257268 37.837531
6950 4 60142680 -122.235909 37.830789
4000 3 59543070 -122.264416 37.843587
2150 1 54237214 -122.254731 37.824735
1895 1 60108514 -122.258549 37.841
6500 4 60076614 -122.225907 37.837719
2500 1 59968759 -122.262741 37.828661
1895 1 60029369 -122.257444 37.843579
3500 3 60022384 -122.2627077 37.8350649
9800 5 59928441 -122.239822 37.842055
2895 2 59202422 -122.258383 37.8377
7000 4 59889104 -122.231878 37.8387
14000 6 59798857 -122.231578 37.828737
7900 4 58683726 -122.227721 37.825443
1895 1 59347228 -122.258549 37.841
1785 1 56497587 -122.263765 37.827175
2500 2 58728162 -122.258845 37.836222
2400 1 58418944 -122.264886 37.843756
2550 2 59820458 -122.264643 37.852328
3895 2 56008327 -122.254225 37.864886
4095 2 56008372 -122.255877 37.86245
5295 3 58203892 -122.262879 37.862488
2895 1 58192838 -122.260159 37.864645
1795 0 57455481 -122.263806 37.865071
1975 1 60011560 -122.251407 37.860259
2350 0 57723580 -122.254466 37.865364
2012 1 56476658 -122.261998 37.863097
2100 0 57433701 -122.262012 37.864918
1995 0 48908072 -122.2645 37.865004
1745 1 57944324 -122.259628 37.864697
1250 3 49320375 -122.258889 37.863929
2600 2 56818790 -122.264434 37.863154
1850 0 60175702 -122.2626 37.8653
1300 1 58558763 -122.260127 37.863607
2995 1 53747120 -122.253022 37.853302
4050 2 49320365 -122.2537 37.864609
3395 2 55635849 -122.260518 37.862759
2450 1 59481180 -122.251833 37.865615
2495 2 52740319 -122.257344 37.86445
7995 5 58304175 -122.264094 37.864662
1850 1 60014236 -122.260304 37.852284
3195 2 56455852 -122.244365 37.858866
2050 1 56646411 -122.25545 37.863956
2995 2 57433699 -122.256974 37.86198
4487 3 52595762 -122.255889 37.862808
3200 2 58000267 -122.260973 37.864645
2395 1 57231827 -122.262806 37.865043
2395 2 58151054 -122.256528 37.863645
3200 2 56908193 -122.26338 37.863292
4200 2 53097988 -122.2534363 37.86373469999999
2300 1 56443299 -122.251225 37.865081
2395 1 52992672 -122.26358 37.864206
1599 4 54223347 -122.258845 37.859437
1750 1 56458977 -122.253022 37.85968
2195 2 58524101 -122.258098 37.864724
2395 1 57433700 -122.257268 37.863719
3150 2 57683572 -122.254771 37.865022
3830 3 56444341 -122.263027 37.863373
2250 1 58322133 -122.253983 37.862886
1995 1 60097984 -122.251643 37.865549
1737 0 56460284 -122.262359 37.863956
1850 1 48908069 -122.262763 37.8645
2495 2 53170911 -122.264012 37.861948
2287 1 56444342 -122.253628 37.85891
2300 1 59688836 -122.256681 37.854393
2595 2 57231818 -122.262245 37.864364
1395 0 60239013 -122.260727 37.863412
4900 2 60169400 -122.250278 37.859721
2445 2 60022840 -122.260775 37.863531
2200 2 59310301 -122.263892 37.862373
6475 4 58343414 -122.262936 37.865336
22995 10 55790135 -122.251913 37.863856
2395 1 56322542 -122.25124 37.865403
2395 1 57880072 -122.25124 37.865403
2395 1 57942235 -122.25124 37.865403
3200 2 60099726 -122.250528 37.862939
2050 1 57501636 -122.259726 37.864303
2795 2 52803313 -122.253749 37.860383
3345 1 56008331 -122.255466 37.876605
2695 1 56008316 -122.258819 37.868696
2695 1 56008321 -122.258653 37.867621
4495 2 56008380 -122.263069 37.875676
1995 0 58192848 -122.262045 37.86678
4795 2 56008369 -122.263918 37.877008
4695 3 58192847 -122.263245 37.875816
895 1 57512891 -122.253049 37.868762
2745 1 60025643 -122.250952 37.868161
1150 1 56990250 -122.249354 37.866462
1650 1 56497107 -122.257255 37.876709
4250 1 57429430 -122.249682 37.868546
2100 0 57056091 -122.259691 37.878182
2200 1 57563031 -122.250314 37.866607
1995 0 60322560 -122.250314 37.866607
2200 1 60322561 -122.250314 37.866607
2195 1 60321281 -122.256502 37.877087
6400 3 52428577 -122.251344 37.866559
1935 0 52740328 -122.260146 37.867956
1300 1 54346995 -122.255472 37.876213
2775 2 58446013 -122.262245 37.866759
2017 1 59834033 -122.253334 37.866081
3895 1 56454685 -122.258334 37.866878
1800 0 56443294 -122.25959 37.875393
1550 3 59559199 -122.262 37.8668
4395 3 58562403 -122.264324 37.875249
3150 2 57645870 -122.252369 37.866527
1995 0 60107708 -122.260359 37.867892
2495 1 57625365 -122.252111 37.866948
950 1 55903472 -122.254088 37.868494
4950 3 56462197 -122.250111 37.867022
4500 2 56434636 -122.260012 37.875308
3995 2 57001573 -122.254111 37.86863
1400 6 58680678 -122.263727 37.866834
1995 0 60098070 -122.260806 37.867826
1995 0 60097983 -122.257799 37.868279
795 1 56454680 -122.25897 37.866833
2250 1 56456071 -122.262 37.8668
950 0 56474159 -122.252013 37.866527
2200 1 57382696 -122.260094 37.878117
1350 0 56474158 -122.250407 37.868139
3289 2 58906571 -122.264371 37.866131
2495 1 60176515 -122.260221 37.877129
3700 2 60116305 -122.26423 37.878579
3700 2 60115642 -122.2644739 37.8790319
5200 3 60057803 -122.25591 37.87815
2995 2 59932301 -122.264371 37.866131
3595 2 58906567 -122.264189 37.866097
2695 2 58906572 -122.264371 37.866131
1250 0 58157177 -122.262 37.8668
2395 1 57937773 -122.262346 37.877657
4650 2 56466606 -122.250169 37.866161
1250 0 56360282 -122.250203 37.868303
1150 1 56474157 -122.250444 37.868267
2997 3 48321805 -122.2231759 37.8529197
2495 2 48322020 -122.2220899 37.8543498
3588 3 48321844 -122.2230651 37.8533073
3588 3 48322005 -122.2224445 37.8540926
6995 3 56332474 -122.2377466 37.8599657
1850 0 58431799 -122.233771 37.858334
4200 2 42797280 -122.233994 37.8641
5600 2 59394354 -122.226662 37.855928
6100 2 58870076 -122.194466 37.831182
10500 4 53756510 -122.2157287 37.8463683
5595 4 59887803 -122.195415 37.8327
4600 3 55825727 -122.21397 37.8360382
5795 4 56484795 -122.182338 37.875012
7500 4 56492851 -122.219598 37.840882
5900 4 59373712 -122.202179 37.835637
6850 4 59424571 -122.19434 37.831557
5000 3 57648717 -122.201253 37.833675
