1499 1 48652478 -105.141038 39.710373
1449 1 53613902 -105.113238 39.696109
1703 1 51430756 -105.078965 39.678233
1500 1 55439171 -105.141801 39.708749
1697 0 29675110 -105.138922 39.715247
1500 1 59087579 -105.141801 39.708749
1700 2 55439160 -105.111985 39.697716
3060 3 59614718 -105.119 39.7099
1475 1 60262418 -105.145382 39.711909
6210 4 59875838 -105.128502 39.713751
1385 1 58817260 -105.134419 39.703879
1569 1 54732521 -105.080514 39.70214
1625 2 55904620 -105.080225 39.665235
1400 2 56468129 -105.085401 39.695506
1550 2 56530839 -105.104158 39.711514
1550 1 51325545 -105.115965 39.66565
1740 2 51325548 -105.115965 39.66565
1495 2 60036640 -105.088636 39.712638
1695 2 51789326 -105.146755 39.717304
1593 1 59107972 -105.110728 39.662281
1176 1 51429404 -105.140763 39.707957
3000 4 59969706 -105.158368 39.670413
1598 0 52746463 -105.075353 39.706905
1697 0 51425587 -105.138922 39.715247
1795 2 44581766 -105.14062 39.698632
3180 3 59554146 -105.100876 39.700241
1295 1 60295981 -105.085921 39.695582
2100 2 50714812 -105.078104 39.718085
1475 2 50714809 -105.078104 39.718085
2100 2 50284716 -105.078104 39.71804
1699 1 51185250 -105.14839 39.695393
3500 5 59748674 -105.090578 39.694297
2295 2 59783325 -105.0777 39.6766
2295 3 60204408 -105.0866 39.7109
1545 2 60256887 -105.085921 39.695582
1545 2 60256884 -105.085921 39.695582
7219 6 55379989 -105.078104 39.718085
2895 4 59983523 -105.151851 39.687553
695 1 60205801 -105.100722 39.684136
1411 2 36120234 -105.140763 39.707957
2000 1 58640930 -105.150414 39.668518
1295 2 58003690 -105.090792 39.712553
1800 2 59633526 -105.089606 39.712765
3000 3 59955009 -105.125218 39.709818
2795 3 59832822 -105.149084 39.706957
1590 2 59632466 -105.082003 39.698889
900 1 59950978 -105.151703 39.673894
2800 3 59595169 -105.0883 39.6888
1425 1 51115767 -105.146755 39.717304
1899 2 51185251 -105.14839 39.695393
3250 5 58894289 -105.145062 39.714696
1650 1 55439167 -105.139072 39.722864
1527 1 54762528 -105.138891 39.718839
1650 1 59255805 -105.139072 39.722864
2770 0 58443809 -105.15881 39.746438
1790 0 37409000 -105.15881 39.746438
1650 2 59018047 -105.119296 39.76977
1285 1 57543726 -105.119068 39.746174
1395 2 59127190 -105.118831 39.726859
775 1 58925543 -105.142251 39.75089
1845 2 60311120 -105.141774 39.721628
1400 1 60228916 -105.12619 39.744335
2200 2 48176020 -105.13463 39.729279
1195 2 59749691 -105.120064 39.767986
3400 4 60265487 -105.147378 39.749854
1550 1 60236373 -105.140791 39.718961
2000 2 60195240 -105.12164 39.768962
1850 2 48162554 -105.14017 39.721729
1850 2 34955249 -105.14037310000003 39.7216411
1300 1 60170808 -105.118812 39.728332
2195 2 57366804 -105.152317 39.727504
820 1 58918548 -105.131489 39.736737
1425 2 60124875 -105.117785 39.728221
2095 2 51104354 -105.145943 39.721579
2095 3 60077372 -105.118114 39.729144
2450 3 51104355 -105.145943 39.721579
1645 2 60013634 -105.117689 39.728798
2250 3 54724456 -105.133289 39.737173
1200 1 56283408 -105.133289 39.737173
1599 1 59214887 -105.143132 39.721829
1595 2 59271335 -105.117689 39.728798
1680 1 51104353 -105.145943 39.721579
2500 2 54036734 -105.145698 39.721628
1565 1 56251906 -105.092329 39.742954
1600 1 56518637 -105.090897 39.738269
1575 2 55439191 -105.08488 39.73258
2500 3 60125322 -105.104753 39.744839
1525 2 55433720 -105.078082 39.772373
1500 2 60107050 -105.090578 39.731413
1225 1 60216955 -105.077494 39.734956
1700 2 59981423 -105.075794 39.742893
1100 1 56472887 -105.090474 39.7338
1350 2 57425458 -105.084542 39.735751
1915 3 60141909 -105.078229 39.768631
2800 3 59621827 -105.08423 39.76355
1245 3 58140672 -105.086798 39.732008
1250 1 56607318 -105.078229 39.732069
1245 1 58434205 -105.117281 39.729686
1250 2 56463673 -105.108722 39.749274
1300 2 59527299 -105.078284 39.747076
2100 2 60155645 -105.09144 39.741982
1595 2 51244812 -105.105716 39.743076
1509 3 60034235 -105.116195 39.728567
995 0 59139760 -105.088986 39.741727
1449 2 60249756 -105.087636 39.736834
1025 1 59174994 -105.115679 39.728088
1300 2 58050915 -105.08288 39.770901
1425 2 60011035 -105.077549 39.772901
1195 1 60202736 -105.08988 39.734941
2045 3 60202737 -105.075093 39.761897
1345 2 60293793 -105.078844 39.732173
1725 2 56685429 -105.087969 39.731941
1400 1 56322506 -105.112474 39.753513
1499 2 58656519 -105.088986 39.742274
1800 1 60274437 -105.104622 39.753799
1995 2 59800693 -105.076509 39.768659
2295 2 49172992 -105.116768 39.7358
1299 1 56844986 -105.084636 39.737592
1249 1 57310965 -105.08476 39.738069
1495 2 57056823 -105.078093 39.76777
1295 2 56980883 -105.079746 39.724667
1895 3 59079163 -105.085642 39.732269
2100 2 55915788 -105.078995 39.74755
1250 1 59950037 -105.083136 39.773313
1250 2 58975089 -105.078082 39.73576
1350 2 60066765 -105.115706 39.729315
1195 1 59207903 -105.086499 39.741824
1350 2 60248878 -105.107008 39.750251
2099 0 60230904 -105.113343 39.754299
1250 1 59806911 -105.112942 39.754508
2750 3 59581531 -105.077317 39.718677
1850 2 51057220 -105.103611 39.742125
1395 2 60160247 -105.107708 39.74922
2000 1 60155643 -105.091197 39.741976
1475 2 60150386 -105.10766 39.753755
1595 2 60128055 -105.11673 39.728162
2350 3 59877661 -105.112698 39.755264
2650 3 60124885 -105.086802 39.732078
2100 3 59621723 -105.11559 39.771217
2950 5 60080559 -105.1157321 39.7357006
900 1 56935239 -105.079794 39.727202
1100 1 60067130 -105.08868 39.733819
1685 2 60035955 -105.101899 39.751768
1450 1 51057219 -105.103611 39.742125
1385 2 58928646 -105.09561 39.736608
1195 1 58928648 -105.09561 39.736608
1295 2 59150665 -105.07757 39.732631
1275 1 59831360 -105.114576 39.727802
1199 1 59819744 -105.078808 39.743639
1199 1 59132189 -105.078808 39.743639
1499 2 59825513 -105.088525 39.742456
1950 2 53713653 -105.103611 39.742125
1995 2 53885565 -105.076383 39.769093
1500 2 59749702 -105.111754 39.752918
1345 2 59358675 -105.078844 39.732173
2945 4 51571606 -105.112558 39.749817
1295 1 59452010 -105.079132 39.735134
2800 3 58539776 -105.109995 39.73411
750 1 55576436 -105.08045 39.744124
800 1 60231317 -105.086773 39.726996
1700 2 48067317 -105.080242 39.735792
3750 4 59285945 -104.991515 39.662118
1925 2 60293445 -105.054102 39.694763
2400 3 57593682 -105.037589 39.716765
3600 4 60022838 -105.045882 39.712808
1535 0 58675146 -105.065421 39.683066
1600 2 57608690 -105.071844 39.713231
790 1 58918544 -105.043409 39.699658
1050 1 58343431 -105.046517 39.701894
2700 3 53702422 -105.035269 39.717677
1199 1 57882930 -105.004752 39.696056
1799 2 59020277 -105.016623 39.710266
1695 2 56812921 -105.035722 39.713221
1450 2 55997177 -105.024075 39.711923
1495 2 58936621 -105.026637 39.697437
1495 2 53807908 -105.023529 39.697232
1850 2 59855951 -104.989115 39.679617
2500 2 60321115 -105.018812 39.712468
3200 5 60320674 -105.031419 39.690297
1645 1 51418302 -104.988342 39.695791
1900 2 60310406 -105.01052 39.714193
3500 5 60297121 -105.049068 39.666807
1630 2 53764687 -105.024158 39.686042
995 1 60293468 -105.007184 39.696026
995 1 60293466 -105.007066 39.695996
995 1 60293465 -105.007184 39.696026
1550 1 56322458 -105.058607 39.710089
1050 1 60239070 -105.040347 39.705408
2100 2 60231730 -104.992009 39.663904
2095 3 57257547 -105.073435 39.690759
2195 2 60049576 -105.028223 39.67003
1448 1 51325574 -105.014554 39.707599
2102 2 60273885 -104.988639 39.71682
1095 1 56458573 -105.027502 39.691689
1450 0 59619839 -104.991416 39.679331
3000 3 59762457 -104.991951 39.670016
2300 2 60269098 -105.039884 39.692004
998 1 59862646 -105.025429 39.683006
1350 2 56457996 -105.034873 39.709116
1445 2 56472744 -105.053102 39.698733
1250 1 56950013 -104.98851 39.678914
1275 1 56452862 -105.02594 39.700516
1150 1 60256140 -105.027769 39.692815
2495 3 58513846 -105.039419 39.715433
1599 2 59487063 -105.046144 39.700543
1590 2 60239985 -105.066035 39.712417
1390 2 59980946 -105.066035 39.712417
1590 2 60239984 -105.066035 39.712417
3250 4 59837625 -105.072487 39.703775
1499 2 52854961 -105.014554 39.707599
2700 3 60213951 -105.042087 39.671835
2495 3 56696649 -105.038834 39.704986
1800 2 60175757 -105.009799 39.712325
2750 2 60166842 -105.056468 39.694362
1420 2 51244820 -105.027055 39.69207
2630 3 59348563 -105.024447 39.664503
1595 1 56331376 -104.99177 39.713669
1750 1 60098242 -104.99177 39.713669
1695 1 60098243 -104.99177 39.713669
1595 1 60098244 -104.99177 39.713669
2650 4 57801176 -105.045891 39.705919
2250 2 58753414 -105.028371 39.684223
1099 0 51092540 -105.027055 39.69207
1100 1 46834887 -105.057572 39.681158
1100 1 59715756 -105.061692 39.686914
2700 3 59833160 -105.035641 39.666815
1235 1 51161843 -105.027055 39.69207
2150 3 51598107 -105.047203 39.716757
2200 3 59788124 -105.02062 39.715453
1495 2 59377805 -105.053514 39.669719
1299 2 59317352 -105.065183 39.709767
2650 3 55778398 -105.060415 39.681578
1995 3 59877994 -105.009035 39.695213
2350 3 59844564 -105.015409 39.675194
3600 5 58923230 -105.023967 39.717808
1025 1 59347506 -105.025429 39.683006
1350 1 59408615 -105.038423 39.705986
2500 2 59405709 -105.018931 39.71525
895 0 53243229 -105.007184 39.696026
1300 1 59358536 -105.027769 39.692815
1320 1 59348562 -105.024447 39.664503
1396 1 55634311 -105.051425 39.697393
2295 3 59298945 -105.047465 39.704781
1132 1 45849581 -105.0554697 39.7074507
1425 2 58298855 -105.063975 39.712595
1450 0 56737499 -105.025429 39.663573
2500 2 59418761 -105.0337 39.6974
1725 2 59537085 -105.062927 39.738345
1375 0 55474975 -105.055853 39.735389
1225 0 59612342 -105.072073 39.736819
4020 2 59874530 -105.040459 39.735968
1299 1 58817918 -105.072825 39.738291
1295 1 60229444 -105.074069 39.739454
1099 0 60150906 -105.073353 39.739448
1295 1 60108709 -105.074069 39.739454
976 0 51426751 -105.049749 39.726948
1895 2 59880647 -105.048351 39.738048
1295 1 56352785 -105.041321 39.741274
1250 2 60273935 -105.058033 39.745523
1299 2 59103286 -105.05771 39.736723
1972 2 50395249 -105.050555 39.741865
1395 2 55041585 -105.055002 39.721937
1800 2 59063611 -105.062989 39.745444
1295 1 56352359 -105.040842 39.741274
1795 2 56526841 -105.04949 39.736397
1150 0 58638047 -105.046698 39.739938
1428 0 57724277 -105.053772 39.74257
3000 3 60133741 -105.035419 39.726279
1595 3 53235327 -105.047855 39.737016
1208 0 31673482 -105.04649 39.740651
1550 1 60205695 -105.049539 39.738719
2500 2 57017152 -105.035873 39.727996
4000 3 50044893 -105.038946 39.736745
1095 1 60293722 -105.054341 39.73091
1275 1 59374132 -105.047232 39.726634
1200 0 60292671 -105.048012 39.735792
829 2 52142654 -105.036748 39.738723
2500 3 60229529 -105.036078 39.735693
1425 2 59988088 -105.055174 39.722659
1500 2 60216528 -105.056069 39.721951
3100 1 59877387 -105.042112 39.74375
1450 1 56352800 -105.048321 39.74196
1199 1 59312658 -105.066573 39.739378
1399 2 60276640 -105.066573 39.739378
2295 3 60265970 -105.039792 39.730192
1510 1 55690595 -105.0428 39.7337
1695 2 60255099 -105.046824 39.726144
2695 3 49815725 -105.055298 39.741709
1350 0 55193806 -105.046698 39.739938
1800 2 60240040 -105.037053 39.731466
1795 3 58276359 -105.039638 39.738676
2200 2 60060019 -105.034946 39.733608
1399 2 59312659 -105.066573 39.739378
1495 1 60213828 -105.066245 39.746142
1550 1 60205694 -105.049646 39.738827
2495 3 60203020 -105.054113 39.739751
999 0 54671772 -105.054666 39.73291
1099 1 60129907 -105.050208 39.729096
1875 1 58855474 -105.063519 39.741928
2400 2 57390152 -105.04792 39.720567
1329 2 58339620 -105.054369 39.71893
1745 2 59993257 -105.06647 39.745931
1329 2 56407017 -105.054369 39.71893
1467 1 60077336 -105.061103 39.739022
1329 2 59795423 -105.054369 39.71893
1450 1 60067018 -105.048379 39.736201
2699 3 59385611 -105.031778 39.738345
1295 2 59809279 -105.068227 39.736269
1450 2 46053260 -105.063939 39.742326
2195 3 59125671 -105.054146 39.739657
2062 2 52133537 -105.073252 39.736792
2800 3 58730601 -105.04749 39.733257
1350 2 59595069 -105.054666 39.73291
2700 3 59103024 -105.051166 39.721504
1145 1 59408594 -105.054369 39.71893
1284 0 58757203 -105.053529 39.736938
1284 0 58273461 -105.053529 39.736938
5000 0 58059147 -105.064245 39.740699
1450 1 60176615 -105.063718 39.755172
2083 0 51305617 -105.031603 39.769197
3475 3 60261751 -105.0479941 39.766844
1734 2 59332188 -105.0602513 39.7476303
1595 0 57879854 -105.050077 39.758226
1450 2 51469081 -105.059373 39.766693
1775 2 56885546 -105.038971 39.769018
1585 2 59125352 -105.06364 39.766646
3600 4 60323345 -105.073535 39.759944
1395 2 60323342 -105.059337 39.767367
1325 2 58140728 -105.062975 39.756058
1350 2 54423515 -105.051249 39.760503
2000 1 60293732 -105.054193 39.751153
2250 2 60293520 -105.033026 39.751421
2950 2 60268018 -105.065941 39.754389
1399 2 59669736 -105.06525 39.771052
1675 2 59286610 -105.072284 39.754513
1650 1 57122844 -105.051077 39.768962
2950 3 60242546 -105.055845 39.766819
1450 1 57300410 -105.058045 39.750191
2300 2 60036685 -105.050208 39.768512
1250 2 60220071 -105.058949 39.755145
2100 2 60102152 -105.045482 39.769797
1799 2 60205713 -105.059058 39.766216
2600 2 59569735 -105.053499 39.756699
7495 4 59490965 -105.032708 39.754237
1405 1 60148884 -105.072452 39.768908
985 0 57425852 -105.072196 39.769317
2095 2 60088709 -105.058174 39.747735
1250 1 58518415 -105.03428 39.758799
949 1 59018681 -105.049539 39.758132
1585 2 59132191 -105.063504 39.768239
3245 3 59536917 -105.045959 39.767897
2200 2 60001601 -105.054134 39.751072
2000 1 60001602 -105.054311 39.751153
2240 3 59454129 -105.056369 39.754611
2700 2 59269958 -105.063608 39.749928
1995 2 59951131 -105.058222 39.762707
2400 2 59536918 -105.054555 39.753611
2250 3 38302693 -105.035534 39.770187
1825 2 59154684 -105.042631 39.769093
2500 3 59832958 -105.052999 39.761934
1560 0 34549253 -104.9915 39.736148
1549 0 59925518 -105.000449 39.739737
1745 1 60248466 -105.0203238 39.735892
1776 0 57437069 -104.990863 39.733319
1650 1 55474971 -105.025702 39.7449
1487 1 46653653 -104.995788 39.73791
1457 1 60006622 -104.988706 39.722158
1576 1 60188081 -104.998532 39.732875
1630 0 54258270 -104.998332 39.732466
1600 1 59009394 -104.993031 39.744917
3510 1 59874524 -104.992803 39.746074
3510 1 59967563 -104.992803 39.746074
4100 2 59874531 -105.008626 39.740788
4070 2 59875391 -104.99927 39.742403
3550 1 59874517 -104.99927 39.742403
3550 1 59967525 -104.988856 39.740797
3210 1 59875833 -104.988856 39.740797
3510 1 59967567 -104.988856 39.740797
3060 1 59875447 -105.006019 39.744495
3510 1 59875373 -104.99927 39.742403
3510 1 59874523 -104.99927 39.742403
3510 1 59874525 -104.990782 39.740386
2400 2 59820435 -104.995085 39.734078
1658 1 60172636 -104.9960301 39.7446177
1487 1 51434070 -104.995788 39.73791
1555 0 51419543 -104.989584 39.729785
1720 0 51421008 -104.992031 39.732422
2082 1 51201468 -104.988439 39.729899
2200 2 60294232 -104.997045 39.737108
1350 2 59951490 -105.000752 39.738649
2900 4 57904344 -105.018 39.7356
2800 5 59742533 -104.997194 39.723671
2050 1 60155282 -104.997297 39.721194
2600 1 60079861 -104.998892 39.73458
2800 1 57707862 -104.995604 39.744824
1550 1 60276679 -104.99432 39.721874
2525 1 60273890 -104.988407 39.735454
2435 2 60273889 -104.993809 39.735649
3895 3 57201778 -105.026341 39.74575
1250 1 46496203 -105.027196 39.741778
1550 2 46013811 -105.027196 39.741778
1150 1 51153061 -105.029768 39.739364
1395 1 60125932 -104.988542 39.73397
2950 3 60237806 -105.027818 39.741817
2700 3 60026308 -104.992594 39.72181
2200 2 60177379 -104.997045 39.737108
1650 1 58521443 -104.997045 39.737108
3500 3 60111824 -105.001931 39.730661
3450 4 59420494 -105.020433 39.734927
2350 2 59539472 -105.029164 39.727294
1525 0 52915072 -104.998799 39.726733
1500 1 53831114 -104.995085 39.734078
2400 2 59664125 -104.995085 39.734078
2000 1 59656298 -104.989263 39.744387
3695 4 59545708 -105.002439 39.731134
2400 2 59384876 -104.9920682 39.73363
1500 1 59856341 -104.996268 39.729747
1505 0 52915078 -104.998799 39.726733
6500 4 59840624 -104.990604 39.722315
1545 3 59298953 -105.023651 39.721885
2070 1 52914983 -104.998799 39.726733
2960 2 52914988 -104.998799 39.726733
2890 2 52914990 -104.998799 39.726733
2900 2 52915053 -104.998799 39.726733
1875 1 52915066 -104.998799 39.726733
2815 2 52915025 -104.998799 39.726733
2280 1 52915001 -104.998799 39.726733
1844 0 57499111 -105.010429 39.758689
1670 1 56518816 -105.021371 39.763503
1145 0 55433694 -105.024788 39.758285
2391 2 60215308 -105.0196956 39.7493983
1497 1 60215029 -105.0196956 39.7493983
1750 2 60186102 -105.031166 39.771705
2497 2 60175311 -105.0149691 39.7587339
1695 1 60174175 -105.0229968 39.7526124
1995 2 58551597 -105.015233 39.761834
1799 2 59103534 -105.024302 39.773794
2645 3 58377990 -105.029386 39.75509
2150 2 58765013 -105.0198 39.7662
1395 1 58606970 -105.026158 39.756402
1795 2 58606971 -105.01983 39.771217
1225 0 18389792 -105.028267 39.763819
1520 0 51418291 -105.018609 39.749844
1995 1 59669549 -105.02229 39.751588
1300 2 51468736 -105.027318 39.757588
1754 0 52180737 -105.021544 39.756588
3750 3 60295708 -105.012904 39.758598
1600 0 60125855 -105.018214 39.760483
1895 2 57006116 -105.024485 39.75421
995 1 56464983 -105.024328 39.768306
2100 1 51830164 -105.011377 39.761627
1525 1 60237993 -105.014109 39.757883
1995 1 59621205 -105.015381 39.757699
1200 1 56920965 -105.025696 39.75074
2995 3 60273944 -105.021883 39.773432
2340 1 56631735 -105.011025 39.757393
2295 2 60252192 -105.023875 39.753725
2795 2 59927691 -105.018798 39.748076
1080 1 50105800 -105.021921 39.756966
2400 3 56323099 -105.025485 39.752656
2100 1 60209488 -105.011377 39.761627
1075 0 60013639 -105.028267 39.763819
2568 2 58693481 -105.017574 39.760424
3800 2 60148709 -105.03081 39.753249
2295 2 58198302 -105.023875 39.753725
1695 0 60125856 -105.018214 39.760483
2250 1 52383240 -105.028497 39.758421
1750 0 59116392 -105.015381 39.757699
2500 2 59686564 -105.010885 39.758039
1550 1 58856045 -105.025599 39.757799
3000 2 59946234 -105.027894 39.758028
1925 2 59980783 -105.015042 39.770349
1050 1 59113341 -105.024726 39.756271
3950 5 58581438 -105.025599 39.77007
1050 1 59809105 -105.027238 39.750316
1750 2 54359097 -105.018956 39.747988
2125 3 60166533 -105.030852 39.758226
1717 0 57000242 -105.018011 39.755128
1829 0 59925608 -104.989538 39.76177
1400 0 39008095 -104.992059 39.755066
1625 0 43968821 -104.997826 39.750428
1528 0 56410942 -104.989183 39.758717
3263 1 56410899 -104.998173 39.756428
4100 2 58395352 -105.000657 39.754537
1727 0 55755685 -105.00231 39.754483
1382 1 56765583 -104.990149 39.753855
1586 0 57918768 -105.007816 39.756537
3520 1 59875318 -105.002951 39.754306
1510 0 59874557 -105.006627 39.753272
2910 1 59875187 -104.999198 39.755476
2040 0 59874736 -104.990995 39.761421
1699 1 60215757 -104.9915514 39.7567414
1791 1 60215753 -105.0031001 39.7563619
2395 2 60215743 -104.9967339 39.7465192
2341 2 60175301 -104.9973713 39.7496168
1399 0 60173293 -104.9967339 39.7465192
2292 2 60172557 -104.9973713 39.7496168
2392 2 60172067 -104.9973713 39.7496168
2199 2 60172056 -104.9967339 39.7465192
2390 2 60171795 -105.0093096 39.7583351
1348 0 52180667 -104.990188 39.75574
1375 0 51421112 -104.992105 39.755588
1539 0 51423957 -104.992615 39.748484
1270 0 51425757 -105.000694 39.756452
1689 0 53883938 -104.991332 39.764227
1390 1 51426338 -104.991913 39.749639
1579 1 21572035 -104.992905 39.750393
2800 4 58039256 -105.000338 39.769689
1965 0 52174606 -105.00384 39.757103
1587 1 32738715 -104.990076 39.762498
1856 1 52173826 -105.001481 39.758799
1390 1 22288818 -104.991045 39.752393
1525 0 51418315 -104.996153 39.757755
2320 2 60273895 -105.004789 39.748335
1637 1 60311895 -105.006233 39.752673
1895 1 60127354 -105.006178 39.772282
1350 0 59477959 -104.999149 39.773779
4000 3 60299282 -104.998137 39.752333
3150 1 58572668 -105.001808 39.753072
3400 2 60293828 -105.003143 39.756466
2150 2 55625680 -104.997297 39.749709
1651 1 52172179 -104.991762 39.751834
1560 0 51418241 -105.002878 39.757299
1540 0 51417605 -105.008633 39.760216
1987 1 60273901 -105.003143 39.756466
2162 1 60273897 -105.006224 39.752669
2797 2 60273898 -104.999243 39.750132
3678 3 60273899 -104.999243 39.750132
2047 1 60273900 -105.003143 39.756466
1818 0 60273893 -105.003143 39.756466
2366 2 60273887 -104.998059 39.759996
2222 1 60273881 -105.007941 39.759656
2950 2 60255422 -105.005001 39.748236
1495 2 60252190 -105.00031 39.772393
2795 1 60251534 -104.99677 39.746335
2100 2 59128067 -104.999667 39.772578
1695 1 60250344 -104.9967339 39.7465192
3400 2 60239824 -105.003143 39.756466
2300 2 60238509 -105.004903 39.752555
3200 1 56662956 -104.998762 39.754002
1600 1 60219721 -104.99677 39.746335
1575 1 60195293 -105.005605 39.762143
3000 1 60151786 -104.998762 39.754002
2300 2 59970831 -105.006233 39.752673
4700 2 60168942 -105.001139 39.749484
2250 1 59876591 -105.000657 39.754537
1695 1 58447261 -104.99677 39.746335
2500 2 60148711 -104.99677 39.746335
1600 1 56172326 -104.99677 39.746335
2815 0 60074695 -104.999173 39.753058
5800 4 50605786 -105.002605 39.767862
6400 3 59988337 -105.005049 39.765503
1595 1 59951642 -104.99677 39.746335
3200 2 59465223 -104.991463 39.75689
2995 1 56333015 -105.003143 39.756466
3000 3 58441582 -104.99677 39.746335
2175 2 59606045 -104.99677 39.746335
2175 2 59169056 -104.99677 39.746335
3200 2 59130219 -104.998059 39.759996
4000 2 58706203 -104.998188 39.753088
2690 2 38113485 -104.997297 39.749709
1495 0 57879152 -104.999149 39.773779
1250 1 55439161 -105.113339 39.809579
1760 2 55439165 -105.126076 39.814423
1450 2 60175654 -105.095788 39.811639
1758 1 57918070 -105.0814 39.8767
1520 1 53302262 -105.093432 39.883511
1690 1 49745636 -105.080606 39.802675
1325 1 55431944 -105.080941 39.806082
1445 2 55428870 -105.084742 39.794532
1710 2 51244852 -105.084972 39.792715
1390 2 59237999 -105.08068 39.827603
1575 2 59453940 -105.098005 39.779313
1599 2 59972731 -105.120104 39.779152
1850 1 54927925 -105.100782 39.800579
1895 2 59955763 -105.114177 39.842754
1500 2 60075137 -105.129023 39.8089
995 0 56452297 -105.110804 39.781626
1230 1 59750958 -105.101764 39.799571
2995 4 60320462 -105.134748 39.806587
3100 4 60316946 -105.117177 39.808266
1975 1 52785890 -105.128123 39.824255
1595 3 60293726 -105.112706 39.804396
3200 3 60216290 -105.089183 39.792349
2525 3 60106458 -105.087047 39.789914
1350 1 57801327 -105.083499 39.775373
1850 3 59100447 -105.109084 39.804822
1445 1 56227327 -105.089588 39.793956
2400 3 51129829 -105.091494 39.861373
3500 4 60277035 -105.114153 39.848376
1260 0 57164536 -105.085311 39.795548
1900 2 60175510 -105.11865 39.811774
1800 1 60269100 -105.104375 39.799276
1540 2 49086425 -105.083758 39.804749
1441 1 51448971 -105.112728 39.790728
1550 2 57160093 -105.130846 39.808522
1550 1 59267398 -105.134648 39.802199
1250 1 55909729 -105.08656 39.809339
2500 3 60239749 -105.101096 39.782914
1299 1 56172021 -105.134345 39.77754
1700 2 58445353 -105.081529 39.802694
1245 1 57647675 -105.09767 39.793186
2595 3 59461503 -105.090271 39.797337
3200 3 60244154 -105.098073 39.870478
3495 5 60224316 -105.093094 39.836333
1700 2 60217350 -105.104375 39.799276
2495 3 60216561 -105.10039 39.857277
1350 1 56413321 -105.085311 39.795548
3250 5 59621721 -105.108887 39.814342
1450 2 60209407 -105.09767 39.794329
1875 2 60204647 -105.090718 39.791329
2795 3 60170804 -105.150916 39.815191
1550 2 60098935 -105.107568 39.777305
1495 2 59988110 -105.083072 39.779695
1050 0 59418913 -105.090359 39.802681
1050 0 59795421 -105.090359 39.802681
2500 3 60077517 -105.107914 39.80069
949 0 56172015 -105.134345 39.77754
1325 2 60067127 -105.101983 39.778952
2840 3 49214990 -105.154521 39.826201
1840 2 56026452 -105.095985 39.780404
1550 2 57580734 -105.130401 39.808356
1895 3 49716099 -105.081072 39.819265
1950 2 56488027 -105.11865 39.811968
1595 1 58207055 -105.080425 39.802757
2975 4 59795984 -105.098053 39.77972
2300 3 59984242 -105.107914 39.790804
1599 2 59968661 -105.134345 39.77754
4500 3 59763626 -105.110558 39.879373
2200 3 59102043 -105.118454 39.782161
1795 1 59664419 -105.115804 39.796896
1550 2 59941168 -105.107568 39.77719
2595 3 59837711 -105.094578 39.812747
1795 2 59107000 -105.091143 39.795426
1325 2 59011885 -105.101983 39.778952
3115 5 59419743 -105.113106 39.80651
2745 3 52166419 -105.125259 39.884023
5700 4 59184135 -105.107616 39.794186
3010 3 55301951 -105.127802 39.883842
2095 3 60311418 -105.092391 39.855966
1295 1 60176620 -105.042099 39.82402
1675 2 59255195 -105.020862 39.827851
1425 1 59255196 -105.021143 39.827837
4040 3 59875526 -105.012373 39.817224
3510 2 59874522 -105.062865 39.794346
2150 1 60044753 -105.059926 39.81303
1750 2 60044754 -105.059926 39.81303
2350 4 59562646 -105.038423 39.787009
1795 1 56360232 -105.024564 39.792074
1600 2 58413673 -105.070132 39.789363
2195 3 60217248 -105.066346 39.783036
2900 4 59373300 -105.032692 39.784972
2650 3 59286175 -105.024726 39.780599
2395 4 59480946 -105.023651 39.780914
1795 3 59762833 -105.019872 39.815177
1599 1 59888333 -105.022196 39.792373
1865 3 59190682 -105.072738 39.803114
1695 2 60321078 -105.044698 39.828661
1107 1 51426721 -105.005052 39.824813
1425 2 60311721 -105.007406 39.791349
3300 2 59790418 -105.013289 39.785906
1495 1 60310875 -105.034946 39.788269
1550 2 59350032 -105.044842 39.826121
895 1 48053628 -105.073132 39.807187
2100 1 60296327 -105.004127 39.826382
3000 4 60295730 -105.074146 39.784161
1345 2 59887906 -105.023132 39.828364
1295 1 59630464 -105.034957 39.787177
1695 2 59011779 -105.034957 39.787177
1525 2 51714788 -105.033708 39.786769
1195 1 48740669 -105.033708 39.786769
1195 1 49886197 -105.033708 39.786769
1275 1 59285603 -105.072738 39.803114
1305 1 56460664 -105.066048 39.806443
1295 2 56491780 -105.022075 39.815512
1600 2 55437115 -105.065294 39.778029
1300 0 56528839 -105.028967 39.775325
1650 1 58422255 -105.022196 39.792373
1399 2 59701546 -105.021921 39.82782
1515 2 59806912 -105.021921 39.82782
6500 4 60240251 -105.010457 39.78153
1150 1 60086646 -105.04349 39.824156
1675 2 59304016 -105.020862 39.827851
1425 1 59303693 -105.021143 39.827837
1490 2 58665640 -105.015457 39.794426
950 1 55625682 -105.022514 39.828149
2400 4 58925298 -105.036089 39.793105
1475 1 60205690 -105.070093 39.780936
2900 4 58989381 -105.052102 39.815512
1995 3 59730099 -105.032519 39.816629
1750 2 59941064 -105.028455 39.817769
5500 6 60081979 -105.052356 39.822785
1395 2 59385612 -105.043321 39.826263
2895 3 56741464 -105.065407 39.77599
1525 2 59190680 -105.072738 39.803114
1495 2 59684664 -105.02547 39.780687
2800 3 57923411 -105.044824 39.775454
2150 2 59452807 -105.072448 39.78153
2195 2 59931296 -105.059949 39.775916
1427 1 59832330 -105.066346 39.77576
1402 1 59832230 -105.066346 39.775454
2500 2 59798152 -105.006738 39.777705
1199 1 59254540 -105.032884 39.820275
1495 2 59676736 -105.037005 39.828443
1400 1 57423949 -105.039946 39.776887
2095 2 59570680 -105.051255 39.776338
1395 1 58461532 -105.033708 39.787219
3900 4 59161714 -105.047712 39.811544
1799 2 50232745 -105.023564 39.792558
1295 1 59104731 -105.033708 39.787219
1399 0 48402678 -104.998397 39.882942
1300 1 40745557 -105.0546455 39.8410135
1319 1 32554144 -105.020279 39.882304
1500 1 55444899 -105.054455 39.840782
1299 1 55431140 -105.001475 39.832688
1800 1 56493203 -104.997059 39.854836
1200 1 48530152 -104.992924 39.841583
3200 3 50843231 -105.067762 39.872354
1099 1 58502236 -105.019129 39.862018
1099 1 58974741 -105.019129 39.862018
1300 1 51553952 -105.0366 39.8311
1435 1 52170604 -105.064804 39.875282
1495 2 57455473 -105.033592 39.837645
950 1 59633200 -105.037172 39.836092
2179 3 60107746 -105.010554 39.860035
1599 2 51047243 -105.004584 39.854818
2650 4 48699830 -105.001752 39.836916
2790 4 58349465 -105.013109 39.843362
2695 3 60323274 -105.043901 39.841665
2076 3 60322540 -105.022529 39.867303
1495 2 57004419 -105.042874 39.830518
1640 2 50002194 -105.016109 39.881973
1058 1 7150796 -105.017214 39.881141
1483 1 55556129 -104.994589 39.860759
1049 2 60110816 -105.006505 39.833333
999 0 60311860 -105.006518 39.832789
985 1 59950237 -105.006505 39.832222
2450 2 60311183 -105.062092 39.865488
2400 2 60169278 -105.03746 39.860745
1288 1 59695122 -105.042565 39.839609
1250 1 47013971 -105.01263 39.881814
2100 4 60293218 -105.005778 39.836265
2750 4 60141908 -105.038324 39.859707
3200 4 60265692 -105.068245 39.864043
1450 2 59739152 -105.0362 39.8305
2945 4 59809283 -105.004816 39.876213
3199 3 56342060 -105.038349 39.885814
3200 5 60237754 -105.05871 39.848482
1400 1 60205025 -104.996688 39.854812
1425 2 60195976 -105.039641 39.840938
2900 3 60159974 -105.020585 39.836048
3500 4 60142358 -105.039852 39.857769
2395 2 60115807 -105.008914 39.850529
2250 3 58827163 -105.040882 39.836589
1250 1 49978468 -105.016109 39.881973
2495 3 59790385 -105.018457 39.845846
1750 2 54719415 -105.016109 39.881973
2095 2 59416791 -105.057058 39.835764
900 1 59950985 -105.012872 39.837727
700 6 51410553 -105.047321 39.846678
2800 5 59747603 -105.039946 39.861918
1595 2 59762508 -105.020883 39.858225
2498 3 58865212 -105.025981 39.869607
1775 2 59686572 -105.037612 39.858933
1775 2 59686573 -105.037613 39.859211
1440 1 50046199 -104.997874 39.857729
3500 4 58623006 -105.000605 39.879735
1275 1 55911498 -104.96257 39.671573
1600 1 55409566 -104.956914 39.679194
2374 0 43607558 -104.958849 39.678252
1125 0 56247956 -104.958337 39.677405
1135 0 58691513 -104.958246 39.677935
1575 0 52171358 -104.957503 39.681699
1100 1 48971606 -104.952099 39.678924
2795 2 60323058 -104.984809 39.687953
1350 1 55473298 -104.960236 39.672208
3009 2 49920832 -104.958849 39.678252
4000 4 42580949 -104.970868 39.669919
1780 1 51419969 -104.958849 39.678252
3600 3 48161616 -104.96968 39.669339
1175 1 60295917 -104.960236 39.670252
800 0 60293823 -104.987159 39.68428
2095 3 58252125 -104.971335 39.671684
1270 1 59226628 -104.961822 39.671856
1295 1 54119745 -104.963697 39.67403
2400 2 59928179 -104.975971 39.677152
3200 3 51507551 -104.957517 39.679194
1500 1 60285388 -104.958981 39.674271
1095 0 59671730 -104.958932 39.680592
1205 1 58277051 -104.958953 39.673721
1500 2 23895766 -104.959788 39.682459
1780 1 49448606 -104.958849 39.678252
4500 1 60221508 -104.955355 39.68963
250 0 60205692 -104.961463 39.668583
1979 1 50395266 -104.958849 39.678252
1095 0 60193639 -104.960904 39.671413
1550 2 59057681 -104.9678 39.677152
1545 2 49131613 -104.987898 39.671016
1095 1 25543388 -104.960943 39.681787
2850 3 60096671 -104.97552 39.672805
1095 0 41049860 -104.959772 39.682463
9195 8 59955720 -104.967893 39.680711
3295 2 56326517 -104.981996 39.679449
1195 1 59636528 -104.959531 39.670935
4400 5 57960908 -104.961378 39.68916
1200 1 59291369 -104.971883 39.682977
1895 2 59071218 -104.971436 39.671588
3295 2 56350520 -104.972852 39.665612
2800 2 56253008 -104.983147 39.69827
1596 0 60192952 -104.949421 39.717984
1659 1 57917532 -104.985902 39.698297
2582 1 51306414 -104.946782 39.715958
2970 1 60087295 -104.982702 39.71564
3530 2 60087319 -104.981492 39.715634
2620 1 60087293 -104.973396 39.717102
4020 3 59967556 -104.985036 39.716357
1290 1 55431937 -104.978912 39.71399
1794 2 60172068 -104.9818861 39.7131907
1155 1 57692321 -104.974925 39.717976
1300 1 57373600 -104.976082 39.717771
825 0 59477706 -104.982538 39.697889
1375 1 56601752 -104.976082 39.717638
1695 2 56495538 -104.97834 39.716154
1045 1 54261922 -104.984828 39.711468
1000 1 59225633 -104.982469 39.696088
1851 0 51840346 -104.984772 39.696894
1268 0 55058449 -104.988072 39.715012
1680 1 21572020 -104.974852 39.715112
1534 0 51431993 -104.986407 39.694904
1395 1 59972699 -104.977768 39.714442
1395 1 59983726 -104.977768 39.714442
1425 1 58117748 -104.9812563 39.6998694
1495 1 60299210 -104.977687 39.716765
1300 1 56651583 -104.978829 39.716221
3000 3 60296715 -104.979594 39.701563
4500 5 60294091 -104.965507 39.703563
1850 2 51064678 -104.976079 39.715696
1850 2 53885801 -104.976079 39.715651
1200 1 57123248 -104.985381 39.716266
2041 0 24156857 -104.974302 39.715277
1195 1 46067692 -104.981828 39.714311
2200 2 46067695 -104.976051 39.715696
1350 1 59925739 -104.981873 39.7146
1000 1 57881348 -104.9663 39.7073
2895 2 59560003 -104.984278 39.701516
2105 1 60273888 -104.981798 39.715012
1695 2 58095000 -104.975483 39.704122
2800 2 60252197 -104.983163 39.712409
1699 1 57505371 -104.985902 39.698297
3700 4 60249925 -104.952037 39.692568
2600 2 60240039 -104.95501 39.714912
1300 1 60238554 -104.9866254 39.7067971
4100 5 59337357 -104.959718 39.700383
3800 2 59992522 -104.973609 39.707706
3625 2 60205917 -104.975232 39.703994
1415 1 26731651 -104.987374 39.715098
1900 2 60204648 -104.984758 39.701524
2500 2 60169097 -104.950614 39.711739
3200 2 59004013 -104.9716969 39.7081927
1800 2 59393053 -104.948238 39.716757
3195 5 59201237 -104.976125 39.690376
3000 2 60102182 -104.98178 39.718143
7500 3 50489521 -104.950614 39.711739
1750 1 59393054 -104.948238 39.716757
1415 1 26731645 -104.987374 39.715098
2550 2 49173051 -104.954355 39.6928
2159 2 57505375 -104.985902 39.698297
3399 3 57698452 -104.985902 39.698297
2400 2 59459473 -104.959721 39.704572
1100 0 59831317 -104.981942 39.707301
4200 3 57868149 -104.980072 39.699362
1450 2 56834149 -104.984147 39.717028
1250 2 60266014 -104.978329 39.718089
1250 2 55625661 -104.98186 39.713669
1125 2 59595131 -104.978417 39.7176
1309 1 47813981 -104.934741 39.693978
1299 0 50288726 -104.939692 39.677306
1399 0 57919825 -104.9056 39.6756
1797 0 32209132 -104.93583 39.710168
1218 0 59143273 -104.943276 39.681261
1430 1 60190780 -104.911012 39.71282
4860 3 59875837 -104.925458 39.679143
1670 0 60167273 -104.905316 39.716696
1552 0 51431421 -104.942717 39.709723
916 1 51445661 -104.928774 39.704661
1395 1 58111546 -104.932057 39.699506
1100 1 56934080 -104.903878 39.702052
1450 2 59698017 -104.930457 39.699609
1995 3 58730130 -104.943109 39.666731
750 1 60099200 -104.907227 39.691573
1200 1 59267661 -104.904135 39.701478
1195 1 54887087 -104.927471 39.680058
1000 0 30630550 -104.92778 39.704894
2395 3 60321105 -104.909448 39.697932
1025 1 24278277 -104.932424 39.696932
2345 1 51428524 -104.94482 39.711311
1589 0 51421438 -104.944112 39.710304
2500 1 60295563 -104.9417 39.712681
4200 6 58656064 -104.944109 39.716912
4500 3 55847061 -104.937476 39.687642
2799 4 60292200 -104.918993 39.66318
1635 1 53179066 -104.933664 39.703
1099 1 51579974 -104.905916 39.677438
1225 1 59736364 -104.934233 39.679914
1395 2 56470133 -104.944001 39.68302
3395 5 55589029 -104.917389 39.684319
1325 2 59455269 -104.933848 39.679508
1399 2 51579975 -104.905916 39.677438
1895 1 60107153 -104.9417 39.712681
1995 3 60025077 -104.904114 39.700922
1400 1 56456045 -104.938649 39.687658
2000 3 59538510 -104.90406 39.700484
1375 2 59580121 -104.934233 39.679914
2850 4 60229450 -104.922079 39.69327
1680 3 60074465 -104.9316644 39.7002262
1199 2 51104476 -104.927313 39.707558
1195 1 49050474 -104.935461 39.667727
999 1 51104475 -104.927313 39.707558
1645 2 60086821 -104.914323 39.673924
4345 4 53066972 -104.943408 39.711847
2000 2 59004060 -104.919954 39.675473
3200 3 60067128 -104.944527 39.665327
1355 1 60035620 -104.905227 39.699597
1840 2 60035623 -104.905227 39.699597
2000 3 59527842 -104.909448 39.697932
4500 5 60023996 -104.90459 39.685261
1345 2 59969314 -104.914496 39.673482
2800 2 59856247 -104.936649 39.675526
3000 5 59514126 -104.932272 39.681884
3925 4 57632725 -104.918274 39.704408
4250 6 59211269 -104.929459 39.681498
1540 2 51202672 -104.906296 39.701078
1800 1 59867758 -104.942639 39.682341
2650 3 57435555 -104.92584 39.666435
1145 1 51202670 -104.906296 39.701078
1700 2 51452472 -104.9285 39.6724
2000 1 59592924 -104.98651 39.731257
1595 0 58597025 -104.984714 39.72712
1595 0 57695966 -104.984495 39.727058
2750 3 59820378 -104.977838 39.728864
1450 0 60027841 -104.981319 39.729829
1529 0 51440638 -104.983902 39.724641
1350 1 56497589 -104.984487 39.730792
1995 2 59191623 -104.982604 39.730827
1495 1 51449808 -104.984163 39.720375
1650 2 59832151 -104.982706 39.724355
1375 0 56350878 -104.980283 39.72681
1595 2 56461819 -104.976096 39.728671
1399 1 59762459 -104.987216 39.729671
1900 1 60299384 -104.973317 39.725719
1250 1 60299209 -104.986639 39.721567
1395 1 56527638 -104.980772 39.727543
1195 1 57961741 -104.982292 39.720032
1795 2 58054172 -104.977246 39.723294
1095 1 53006086 -104.975594 39.730048
1302 1 51446766 -104.983222 39.728315
1305 1 59954580 -104.977246 39.724279
1406 1 50303631 -104.969659 39.731788
1150 1 60252655 -104.985253 39.729729
1350 1 57292685 -104.975594 39.731676
895 0 60240491 -104.9827 39.7317
1450 0 60026098 -104.981319 39.729829
1350 1 56465980 -104.975006 39.729332
1475 1 56323176 -104.985216 39.721729
1917 2 60273892 -104.97673 39.731336
1284 1 60273886 -104.979925 39.720388
1525 2 56462289 -104.975594 39.728859
1150 1 56497593 -104.976752 39.729699
1600 2 56695804 -104.982041 39.724375
2095 2 59833827 -104.974535 39.729355
1425 1 60252144 -104.982292 39.720032
1475 1 60252126 -104.984487 39.728079
1395 1 60251687 -104.969092 39.730775
2195 2 60237994 -104.969818 39.729974
1400 1 60217402 -104.982604 39.730827
850 0 60216838 -104.982639 39.731165
850 0 34515470 -104.982639 39.731165
850 0 37053376 -104.982639 39.731165
1612 1 59723892 -104.976609 39.728686
1842 2 50104412 -104.969659 39.731788
2750 3 59218253 -104.977838 39.728864
1300 1 60128050 -104.983469 39.721699
1450 2 51304007 -104.98155 39.726079
1850 1 60099327 -104.979368 39.72959
3150 2 59008324 -104.967459 39.726211
1800 2 60076315 -104.984487 39.728079
1195 1 59661330 -104.978449 39.72512
1100 0 48785305 -104.984041 39.722026
1552 1 39935199 -104.976609 39.728686
3300 3 59954798 -104.981942 39.718523
1995 1 58581346 -104.979368 39.72959
4250 4 59588030 -104.974421 39.731592
1175 0 35830906 -104.978368 39.730819
2950 3 59011780 -104.979138 39.723202
1200 2 56164875 -104.96988 39.723659
1705 1 40369483 -104.9814185 39.742247
1125 0 43818972 -104.978417 39.736693
1218 0 59913018 -104.983183 39.732389
1480 0 32679765 -104.986691 39.744503
2000 2 60205186 -104.979044 39.736048
1149 0 59809930 -104.980198 39.74075
1285 1 57380360 -104.981915 39.734173
850 1 6250638 -104.979031 39.735592
875 0 17814795 -104.979031 39.7358
899 0 57431099 -104.9801294 39.7365118
1799 2 59981012 -104.980216 39.738608
875 0 59685412 -104.979031 39.7358
895 0 42385648 -104.981923 39.736022
925 0 56732503 -104.982642 39.734078
1150 1 20804820 -104.97952 39.732657
1212 0 52171740 -104.984236 39.732941
1299 1 57571976 -104.9796676 39.7444547
1175 0 56243926 -104.979029 39.733472
1250 1 43250050 -104.979535 39.73323
2000 0 57522560 -104.977912 39.734227
2995 3 59440752 -104.980183 39.734086
1200 1 59416852 -104.980691 39.73411
1150 1 56443275 -104.985244 39.733624
1275 1 60293585 -104.981934 39.736227
1295 1 58434875 -104.980236 39.739022
850 0 43980149 -104.979031 39.735365
1100 1 25771794 -104.979079 39.741217
950 0 60252657 -104.982836 39.739618
2300 2 57030539 -104.983183 39.737941
1300 1 56452748 -104.977925 39.734569
1200 1 60276678 -104.977829 39.733486
1950 1 53168200 -104.9802353 39.7322507
1225 1 55437121 -104.98266 39.736192
1500 0 60268246 -104.980236 39.738889
1475 2 59750503 -104.983996 39.734751
1095 1 57672095 -104.980691 39.740917
1350 1 59223525 -104.978497 39.743946
1300 1 48957770 -104.978391 39.734689
1050 0 36649289 -104.979079 39.741217
2500 2 60229452 -104.980172 39.744547
2150 1 59090299 -104.980766 39.736092
1225 1 59033734 -104.980736 39.739008
950 0 16897141 -104.980736 39.739007
1050 1 59774337 -104.980809 39.741423
1075 0 57716834 -104.980183 39.734086
1220 1 38848164 -104.98005799999999 39.7382531
955 0 59582970 -104.979065 39.738956
1180 1 59813806 -104.979044 39.740727
1295 1 59927612 -104.977933 39.736513
1075 1 60096707 -104.979051 39.740608
1075 1 59676738 -104.979051 39.740608
2100 2 60088230 -104.978391 39.734448
2395 2 59942192 -104.980443 39.734751
1025 0 56362758 -104.977933 39.736365
995 0 18074615 -104.981836 39.740865
1215 1 59336421 -104.983996 39.734494
1495 1 49185621 -104.979029 39.741484
1975 2 59451821 -104.979029 39.741484
1741 1 59232754 -104.977933 39.736513
1025 1 48530715 -104.981836 39.740865
1495 1 58881870 -104.980443 39.734751
950 0 48915551 -104.977925 39.733336
1075 0 49808267 -104.977925 39.733336
995 0 59033735 -104.979079 39.741217
1800 2 57030535 -104.983183 39.737941
1416 1 59082327 -104.983183 39.737941
1095 0 58615000 -104.97956 39.7378
1035 0 53063778 -104.981411 39.733892
1500 1 48499893 -104.981898 39.733513
2300 2 58907363 -104.980172 39.744201
1700 0 55278184 -104.971838 39.744155
1315 1 55431283 -104.969224 39.738719
2375 2 60215719 -104.9739789 39.7429498
2385 2 60172059 -104.9690907 39.73552189999999
870 0 53617350 -104.9717 39.733
1000 0 60297579 -104.971511 39.736211
1200 1 56449733 -104.974469 39.737211
1175 1 58478382 -104.969862 39.736246
1325 1 56630591 -104.976096 39.734875
1200 1 52739215 -104.976698 39.738719
1233 0 57879742 -104.969298 39.741444
1075 0 57146587 -104.971511 39.735723
1025 0 60296912 -104.972065 39.735751
1340 1 60025536 -104.976113 39.738148
2000 2 60294402 -104.972652 39.732336
1320 1 60294156 -104.969224 39.739227
1100 1 56473998 -104.975624 39.737624
2643 2 60273894 -104.974417 39.743608
1185 0 58922348 -104.968659 39.738792
960 0 53751341 -104.970368 39.737134
1395 2 54333323 -104.970352 39.737892
2000 1 60265499 -104.975925 39.743518
1250 1 58906682 -104.973808 39.737345
1995 1 60086608 -104.970384 39.739719
2250 1 60240269 -104.97052 39.741893
1100 1 31836725 -104.976698 39.738719
1843 0 55180992 -104.971838 39.744155
2195 2 56302389 -104.976096 39.734676
1000 0 37180045 -104.972663 39.734676
1850 1 55329615 -104.971838 39.744155
3400 2 60137071 -104.967431 39.742547
3600 2 59950635 -104.976587 39.742917
1500 1 56550086 -104.970378 39.738078
2999 3 59298947 -104.966954 39.741355
1295 1 50178793 -104.97267 39.738618
1075 1 51097740 -104.971065 39.734353
1815 1 59983993 -104.971113 39.739875
1250 1 59697843 -104.973776 39.735448
1700 1 59972700 -104.97152 39.739008
1225 1 59951198 -104.970352 39.737892
1175 0 58651204 -104.970933 39.735723
2650 2 59741774 -104.976587 39.742261
925 0 48462117 -104.974469 39.737345
1199 1 58384808 -104.975944 39.734992
1125 1 25771793 -104.976777 39.736227
2390 2 58102269 -104.971838 39.744155
2570 2 55181001 -104.971838 39.744155
995 0 35632166 -104.973335 39.738864
1350 1 52862168 -104.967562 39.742976
1555 0 57917146 -104.95989 39.744683
1960 0 55777893 -104.948924 39.718553
2210 1 60087333 -104.959057 39.718787
3300 2 60087332 -104.959491 39.735042
2190 0 60087331 -104.960178 39.726367
2260 1 60087330 -104.959491 39.735042
3350 2 60087329 -104.959491 39.735042
2760 2 60087328 -104.954632 39.718604
2150 0 60087327 -104.954632 39.718604
2610 1 60206030 -104.960178 39.726367
2360 1 60109063 -104.954632 39.718604
2360 1 60087324 -104.953429 39.718933
1650 2 55431933 -104.959437 39.735291
1492 1 60215022 -104.9638469 39.7363154
1745 2 60027977 -104.955441 39.738657
1693 1 57613875 -104.96388 39.734631
1500 2 55649271 -104.9524973 39.7380939
1335 1 56496961 -104.955953 39.73591
2100 3 57595696 -104.966697 39.743403
1799 2 59981475 -104.963075 39.742998
1050 1 59401372 -104.953266 39.741082
1899 1 52032942 -104.945806 39.719291
1550 2 55287596 -104.954411 39.743295
2550 0 51449569 -104.952872 39.719154
2100 2 60315686 -104.963135 39.744438
6350 3 60309961 -104.948256 39.720194
1600 1 60240576 -104.960115 39.741931
1025 1 59444189 -104.965148 39.736964
1600 1 53942374 -104.961848 39.741309
1695 3 59822599 -104.962 39.741879
1160 1 56456284 -104.961394 39.738592
1195 0 60293467 -104.954429 39.741082
1295 1 58593908 -104.96257 39.741155
1400 1 60099515 -104.960115 39.741931
1785 1 59223797 -104.950388 39.733956
1195 1 51452924 -104.957772 39.734494
2295 2 51472864 -104.949155 39.73803
1700 1 52178699 -104.953429 39.742163
1200 1 59876946 -104.960662 39.739466
1045 0 56518857 -104.9519 39.7303
1350 0 53135867 -104.9626684 39.7450695
3150 2 57894635 -104.954932 39.721785
1350 1 55872077 -104.948047 39.739618
1727 2 60273896 -104.966303 39.739078
2750 2 60269055 -104.963135 39.744438
995 0 56558657 -104.957102 39.736365
1650 2 59477401 -104.966378 39.737792
1100 1 60265603 -104.965148 39.739397
2250 3 34655311 -104.960708 39.742946
1650 2 53502290 -104.951909 39.739261
2800 2 57536959 -104.96135 39.745765
1500 1 59762220 -104.957116 39.735513
6000 3 59974265 -104.945782 39.724802
1213 1 49077777 -104.957772 39.737378
2225 3 59950244 -104.965645 39.739533
1985 2 58847735 -104.965645 39.739533
2000 1 60231748 -104.963075 39.742998
1375 1 60026071 -104.952683 39.738513
4300 4 60130261 -104.948696 39.73238
1995 2 59558049 -104.953213 39.733378
1345 1 42807070 -104.963878 39.73603
2000 1 60114365 -104.9663165 39.738698
1895 3 28553038 -104.956607 39.738192
1400 1 59246469 -104.961394 39.736986
1049 0 50735794 -104.957133 39.738173
1900 2 2588833 -104.9614 39.735909
995 0 59738336 -104.954429 39.741082
985 0 59592251 -104.950388 39.733956
1349 1 50686709 -104.957133 39.738173
4295 3 56340713 -104.95869 39.727798
3725 3 58196916 -104.945868 39.739775
1695 1 50103391 -104.966327 39.745438
1719 0 55198216 -104.969224 39.771357
1539 0 39898964 -104.977852 39.764758
1630 0 32510779 -104.982501 39.746844
1525 1 55474056 -104.972479 39.768367
2395 2 60047030 -104.978045 39.753927
1895 2 56793697 -104.963673 39.761424
1350 1 60262502 -104.971246 39.74902
2200 2 60011721 -104.983884 39.747076
1225 0 59613927 -104.96135 39.746523
1265 0 60191935 -104.975819 39.767646
1605 0 46785773 -104.983604 39.758164
2970 1 60087325 -104.979881 39.746863
1118 0 49063757 -104.980934 39.746809
2197 1 60215037 -104.9871366 39.7595692
2293 2 60215019 -104.9878595 39.7576075
2100 3 60036546 -104.965597 39.748518
1350 1 55437564 -104.986307 39.770535
1415 0 52171320 -104.983828 39.762048
1394 0 54040280 -104.981487 39.768498
1450 0 52181292 -104.985236 39.766154
1400 2 58163732 -104.968061 39.749163
1295 1 59117080 -104.983599 39.753669
1295 1 56616862 -104.964273 39.752428
1377 2 51419768 -104.980798 39.759725
1600 1 55714450 -104.984019 39.751049
1385 2 59592250 -104.964378 39.763908
1125 1 46390137 -104.983163 39.747006
1900 1 60322681 -104.972971 39.748809
1650 1 55437570 -104.981103 39.774108
1670 1 51417599 -104.984642 39.760834
895 0 57551241 -104.984411 39.747368
1875 1 60316399 -104.961515 39.762659
3195 4 59950255 -104.968786 39.753604
1050 1 56704481 -104.984569 39.747247
995 0 58250151 -104.984569 39.747247
995 0 59261851 -104.984569 39.747247
1150 1 59261848 -104.984569 39.747247
1600 2 60296014 -104.961893 39.761873
2600 1 52882136 -104.970505 39.765403
3700 3 50044901 -104.970017 39.75256
1295 1 59271525 -104.96435 39.752325
1295 1 59339614 -104.964394 39.752428
1195 1 58303757 -104.96435 39.752226
1295 1 58449177 -104.964362 39.752114
2400 3 59625854 -104.950903 39.763962
1895 2 60066068 -104.980584 39.750389
1789 1 52173840 -104.978193 39.746326
1299 1 59750597 -104.966786 39.768527
1995 2 60267806 -104.981292 39.751966
2200 1 57507439 -104.97956 39.74796
1750 2 58442302 -104.975157 39.764715
1395 2 55945332 -104.966303 39.764707
1500 1 59430222 -104.983884 39.747076
2300 2 49043517 -104.970614 39.768619
1699 1 59358345 -104.980115 39.75395
2850 2 60205697 -104.967726 39.750872
3195 2 60126643 -104.980945 39.752471
3900 3 59741012 -104.973105 39.756829
3500 3 58890958 -104.98472 39.757474
2400 2 59117173 -104.986407 39.756799
3600 2 59994551 -104.974226 39.762859
1750 1 59864858 -104.97956 39.74796
3295 5 59457838 -104.950839 39.758389
4500 5 59514195 -104.984639 39.747946
3250 3 53807367 -104.961345 39.759921
1925 2 59472729 -104.966167 39.766758
3850 3 58925816 -104.972479 39.751172
2987 3 58333478 -104.975479 39.754493
3000 2 57085439 -104.985034 39.757264
2200 0 56172473 -104.985034 39.757264
1240 0 48143808 -104.938727 39.732608
1465 0 48143782 -104.939592 39.731719
1625 1 58733748 -104.928067 39.758299
1249 0 55431800 -104.939153 39.738528
1850 2 60195836 -104.927832 39.768934
2795 3 59809688 -104.942624 39.768392
3300 3 58564483 -104.941047 39.720256
1500 2 60313546 -104.91673 39.768289
1321 0 57717290 -104.90494 39.738827
1450 2 57619177 -104.919784 39.739173
2550 3 59170873 -104.909031 39.750153
1399 1 58362682 -104.931046 39.731875
1000 1 58708811 -104.935992 39.74279
1450 2 59366759 -104.940017 39.74196
1677 0 52171850 -104.937741 39.732284
2850 3 60205046 -104.942398 39.756128
1445 2 59440785 -104.919712 39.766464
1125 1 55911027 -104.940262 39.733513
2800 2 60296944 -104.941036 39.724966
1399 1 60026574 -104.93871 39.739737
2245 3 58606963 -104.935248 39.728671
3500 4 59742575 -104.93871 39.738422
1445 2 55154411 -104.925459 39.769018
1050 1 31157617 -104.940256 39.734397
1275 1 51468869 -104.926011 39.762359
1200 1 56444855 -104.915509 39.740809
1300 1 47756123 -104.939816 39.735378
1145 0 55869789 -104.931952 39.730834
1850 1 60276784 -104.939816 39.733353
1195 1 60097278 -104.936157 39.734279
1300 0 59760908 -104.941061 39.719266
1125 1 48734850 -104.941109 39.743438
1595 2 59201740 -104.907263 39.750413
2750 3 59339802 -104.943199 39.733192
3000 3 56361181 -104.904263 39.727032
2695 4 60110738 -104.913723 39.762154
3450 4 58350574 -104.930046 39.739389
2725 3 60038947 -104.914242 39.737059
3000 3 59594437 -104.910104 39.725902
1150 1 45751001 -104.940359 39.733986
1295 1 22741633 -104.933634 39.729432
2750 3 60204893 -104.927428 39.763122
1895 2 60203240 -104.942898 39.724482
2895 2 60197490 -104.929056 39.760039
1671 2 57055020 -104.907343 39.749954
2850 4 60096576 -104.921459 39.763162
3480 3 60167460 -104.910242 39.746666
2895 4 59296139 -104.940262 39.723294
2500 3 60119580 -104.91458 39.768527
5000 4 59568945 -104.93756 39.749438
1195 1 59564020 -104.941061 39.7328
3500 3 58914111 -104.938122 39.735123
1350 2 59646803 -104.934165 39.739608
2495 3 59002288 -104.940262 39.758673
1295 1 59748702 -104.937619 39.733152
2650 2 60001144 -104.918012 39.735657
3000 3 59998466 -104.924282 39.757907
1671 2 59927496 -104.907183 39.750251
1850 2 53468812 -104.93871 39.733875
1075 1 48462119 -104.924258 39.740879
2100 2 48210681 -104.930649 39.731719
1070 1 46695113 -104.934313 39.730322
1895 2 54814939 -104.933136 39.729667
1250 1 49070228 -104.932461 39.730409
1655 0 56930059 -104.889866 39.703314
1341 0 56617090 -104.885842 39.699311
1323 0 58874935 -104.861713 39.712928
1350 1 60001153 -104.874714 39.671717
2495 2 59848428 -104.885569 39.695609
3200 4 59646252 -104.8729 39.6697
999 0 39028541 -104.862563 39.704153
1318 1 54257780 -104.86961 39.688397
1495 1 60189860 -104.887526 39.680198
1409 1 53937946 -104.883378 39.690026
1309 1 59611762 -104.869494 39.707884
1335 1 53936069 -104.896615 39.668639
2570 1 43539494 -104.891368 39.711325
2459 1 42570598 -104.895249 39.693224
2200 2 60197686 -104.890041 39.70706
905 0 43511883 -104.8753785 39.7027713
1987 2 60175313 -104.8784847 39.6889088
987 0 54102835 -104.871749 39.66787
1516 1 51225280 -104.892159 39.669889
999 0 51426742 -104.862563 39.704153
1750 2 60203027 -104.870484 39.690904
1670 1 56530173 -104.887595 39.694213
1600 2 58240625 -104.869189 39.706078
2100 2 59856248 -104.870952 39.691311
999 1 59766215 -104.884936 39.689109
1839 2 51270502 -104.883378 39.690026
1124 0 48392306 -104.887539 39.707046
1625 2 60322723 -104.863004 39.703605
2702 3 53987681 -104.873165 39.693582
1450 1 53179074 -104.891368 39.711325
3299 3 56655308 -104.887704 39.682261
1595 2 59580968 -104.878308 39.702016
2100 2 59888708 -104.881677 39.704314
1925 2 51424758 -104.861734 39.69384
2900 5 59671515 -104.860318 39.715442
2495 2 55443521 -104.885569 39.695609
1849 2 53987679 -104.873165 39.693582
1750 1 60133720 -104.891294 39.707276
1750 1 60133709 -104.89264 39.709723
1399 1 55432286 -104.863022 39.708203
3075 3 51104487 -104.889788 39.696088
2200 2 60208376 -104.890041 39.70706
1600 2 60205466 -104.862918 39.709478
3300 3 60168842 -104.898131 39.697512
1150 1 60177188 -104.893111 39.693874
2450 3 55076780 -104.870714 39.689681
2350 1 59900425 -104.895659 39.684251
1050 1 60088425 -104.893432 39.69401
1050 1 59645936 -104.893111 39.693874
1050 1 59645937 -104.893111 39.693874
1519 1 53987676 -104.873165 39.693582
1250 1 60075018 -104.888543 39.706648
1750 2 60067414 -104.876611 39.688795
1150 0 59968477 -104.863004 39.703605
1000 1 59592530 -104.885363 39.688463
1175 1 38954357 -104.862689 39.70306
2555 2 51104486 -104.889788 39.696088
1479 1 53987669 -104.891159 39.666467
2049 2 51047214 -104.864546 39.687459
2099 2 51148274 -104.864546 39.687459
1549 1 51047211 -104.864546 39.687459
1869 2 53987671 -104.891159 39.666467
1458 1 55556352 -104.825633 39.669297
1711 0 31219379 -104.824655 39.679425
1649 0 30954418 -104.826413 39.672351
1149 1 57445429 -104.837827 39.679736
1510 1 55901065 -104.817858 39.695614
1149 1 55432320 -104.837827 39.679736
1425 1 60276702 -104.847938 39.670852
2100 3 59766216 -104.820215 39.684795
1895 2 59756308 -104.823376 39.717523
1695 2 59864104 -104.820837 39.717474
1195 1 56691335 -104.8383 39.6997
820 1 58918657 -104.845678 39.70926
2500 2 60295672 -104.851199 39.669934
2995 3 59656665 -104.838313 39.673351
2445 4 56125956 -104.820918 39.668789
2795 3 60293522 -104.840209 39.703164
1403 1 49214877 -104.820603 39.700648
1800 2 60288816 -104.838278 39.662701
1295 1 60261974 -104.821288 39.684355
1099 1 51325530 -104.85008 39.695414
1350 1 48979486 -104.819812 39.682463
2200 0 55169671 -104.828208 39.693107
1499 2 51325531 -104.85008 39.695414
2900 3 56746131 -104.852729 39.666327
1295 1 56162216 -104.836841 39.675894
1699 2 51161822 -104.822518 39.69562
1499 1 51161821 -104.822518 39.69562
1500 1 60242826 -104.820111 39.683516
1450 1 59026223 -104.817265 39.700046
750 1 60099205 -104.848063 39.697213
2600 3 60091645 -104.824094 39.68308
2100 2 59421102 -104.843508 39.678287
2849 3 59886658 -104.853107 39.675852
2200 2 60048209 -104.832034 39.66298
2375 3 59199378 -104.849482 39.662235
1095 1 51047171 -104.847267 39.701025
2695 3 60013267 -104.85699 39.706349
1749 1 59992411 -104.841682 39.67829
1749 1 59927415 -104.841682 39.67829
1550 2 59629521 -104.822619 39.684215
3500 5 59194358 -104.845779 39.670629
3095 5 48312815 -104.823518 39.668086
1350 1 59321049 -104.847968 39.678914
1570 1 46227816 -104.8823 39.7546
1287 1 59998048 -104.899193 39.722058
3345 3 58395932 -104.882 39.7235
3710 0 60266224 -104.877298 39.751098
1225 0 48998178 -104.868494 39.743113
1995 2 56947729 -104.893312 39.719884
1200 1 56139244 -104.884984 39.738448
1695 2 53529837 -104.860215 39.753588
1025 1 55443536 -104.874938 39.731389
1795 3 59774900 -104.875044 39.721948
2495 5 59374300 -104.868445 39.744844
1299 2 58763109 -104.875044 39.724785
1995 2 59931295 -104.869154 39.734389
1095 1 58818275 -104.862621 39.738108
1095 1 59374133 -104.862621 39.738108
1300 2 58651914 -104.895489 39.741379
1350 2 60322299 -104.878435 39.745049
1400 2 58321809 -104.894052 39.734911
1499 0 51497188 -104.877167 39.75116
995 0 54355517 -104.887573 39.739834
1475 2 60296918 -104.895549 39.741683
1475 2 60296914 -104.895549 39.741274
1895 1 59560004 -104.897674 39.759072
925 1 60293822 -104.877968 39.743608
925 1 59454888 -104.877968 39.743608
925 1 59809297 -104.877968 39.743608
1395 2 60265683 -104.873983 39.752065
2695 3 60077530 -104.873131 39.750799
1450 2 50714814 -104.884028 39.723938
1450 2 50714744 -104.884125 39.724006
1495 2 59981240 -104.879569 39.744778
899 0 60088949 -104.873982 39.752503
899 1 60088950 -104.873982 39.752509
2695 2 60217297 -104.87609 39.723874
1750 2 57217621 -104.899694 39.73303
1200 1 57581466 -104.885042 39.738048
1950 2 60276529 -104.88261 39.738246
1795 2 60276464 -104.883186 39.733819
1095 1 56452304 -104.877646 39.732918
895 0 56463000 -104.8645 39.7399
1500 2 56497307 -104.874952 39.731737
1800 2 60268251 -104.877846 39.743295
1695 2 60265968 -104.875605 39.73423
2450 3 56455271 -104.887272 39.732992
1295 2 59643986 -104.860797 39.738864
1400 1 59477694 -104.86145 39.742191
1545 2 35734966 -104.86863 39.721332
1545 2 52552175 -104.868621 39.721686
2395 2 60250232 -104.872179 39.75974
1495 3 56195123 -104.878468 39.744403
1495 3 59420493 -104.87909 39.744309
1300 1 51093460 -104.878402 39.744713
1960 2 51562769 -104.875008 39.7388
1275 2 56556720 -104.874363 39.74802
1400 2 36939515 -104.883107 39.74722
1220 1 58965126 -104.883107 39.74722
975 1 59297666 -104.861439 39.743476
1000 1 59298015 -104.861439 39.743476
1750 2 57811753 -104.899694 39.73303
1900 2 60096577 -104.898585 39.756114
2750 3 59992521 -104.900722 39.734086
2395 2 60150230 -104.884392 39.75174
1960 2 45516410 -104.875008 39.7388
1199 1 58592230 -104.870852 39.747182
900 1 60130511 -104.861439 39.743476
2149 3 59864676 -104.896176 39.736022
1225 1 58758444 -104.884984 39.739246
2195 3 59730284 -104.882507 39.74657
1425 2 60077238 -104.883998 39.733854
1085 1 56264018 -104.886023 39.738864
1349 2 58298793 -104.883777 39.733305
1150 1 55869293 -104.87909 39.744309
1000 1 59405966 -104.875611 39.734108
2495 2 60002111 -104.871968 39.75509
1099 1 59800863 -104.886034 39.738211
999 1 59477275 -104.873752 39.751513
999 1 59477276 -104.873752 39.751513
2995 6 59661249 -104.866759 39.745174
1200 2 59358643 -104.875694 39.734108
1095 1 59742644 -104.875044 39.723755
1995 3 59454488 -104.882669 39.736542
1195 1 59689185 -104.870846 39.747647
1300 1 59531870 -104.875008 39.731992
1225 1 53483191 -104.884984 39.739246
999 1 48666350 -104.827799 39.724482
1524 0 59925410 -104.834475 39.738827
1388 1 55556126 -104.827201 39.735227
1568 0 50866735 -104.822661 39.724237
1567 2 59610023 -104.843539 39.727194
2500 3 60216702 -104.821323 39.719006
2700 3 60148782 -104.832052 39.732575
925 0 55446740 -104.847356 39.746547
912 0 52781566 -104.847912 39.7431
995 1 56788989 -104.847212 39.744782
1095 1 56471020 -104.852625 39.741523
1180 1 49101867 -104.827759 39.722951
1595 2 55443537 -104.837358 39.737966
1350 1 55437116 -104.848235 39.738533
2100 3 59697345 -104.854972 39.749713
1999 3 59951572 -104.857821 39.752251
1000 1 59819710 -104.853783 39.738854
1247 1 40640559 -104.846729 39.737704
950 0 58835687 -104.850225 39.739788
1650 2 53440409 -104.816453 39.746639
3197 4 59791020 -104.844303 39.758996
750 5 49835250 -104.842547 39.738319
2795 4 60293780 -104.833413 39.734608
1396 0 57879780 -104.829629 39.739956
2600 4 60168401 -104.820502 39.74996
999 1 59841878 -104.83191 39.729431
1095 1 59080818 -104.849938 39.741547
1385 2 59078786 -104.853625 39.739008
2500 3 59994645 -104.840376 39.735719
3345 4 50214686 -104.85711 39.754271
1600 2 56346957 -104.818979 39.719474
3100 4 59021357 -104.852783 39.753474
2500 3 60225891 -104.821323 39.719006
1399 2 59298129 -104.845968 39.758807
2850 3 56322805 -104.84069 39.730889
1550 2 59772783 -104.818979 39.719474
1995 3 60205699 -104.824988 39.749928
2150 5 60205701 -104.824996 39.750002
3000 3 59909739 -104.856383 39.719839
2715 3 60167323 -104.844323 39.731854
2400 3 59661596 -104.851972 39.753002
800 1 59980676 -104.834309 39.757172
1285 2 59378097 -104.859126 39.738788
1399 2 59348566 -104.855836 39.74175
999 1 59348564 -104.855836 39.74175
899 0 59298127 -104.845968 39.758807
999 1 59298128 -104.845968 39.758807
925 0 59073553 -104.85379 39.738631
3495 4 60025465 -104.853044 39.753922
2500 4 59969716 -104.845344 39.731834
1350 1 59893883 -104.856772 39.738148
958 1 58826441 -104.854949 39.737016
958 1 57500671 -104.854949 39.737016
958 1 58577735 -104.854949 39.737016
995 0 59813814 -104.854939 39.741503
1250 1 58175757 -104.857507 39.741739
1250 1 51345872 -104.854437 39.739148
1618 1 59805745 -104.88708 39.780234
1598 1 56999977 -104.8805 39.7922
1599 1 55431136 -104.980898 39.878724
1599 1 59708314 -104.980898 39.878724
1411 1 55086499 -104.980325 39.881704
1635 1 57477181 -104.880134 39.79885
1449 1 57907987 -104.974329 39.867704
2870 0 60070317 -104.91027 39.776854
1467 2 55873084 -104.922352 39.823896
2350 3 60108733 -104.954398 39.787042
1749 3 58426420 -104.946731 39.774968
2700 3 59405230 -104.979944 39.836754
1680 2 57879840 -104.982034 39.861161
1372 1 51426043 -104.985358 39.856958
700 1 58925545 -104.947047 39.861929
1599 1 49059981 -104.940974 39.859137
1745 2 60315225 -104.913565 39.83893
2270 3 54282934 -104.964427 39.856028
2750 3 60011795 -104.867303 39.809868
1375 2 53279939 -104.980459 39.886158
2600 4 57302930 -104.963792 39.781784
2350 4 60292672 -104.947849 39.776809
800 3 59994437 -104.91658 39.825851
1450 2 55142686 -104.966273 39.842882
1200 2 55429497 -104.9134 39.8105
2195 5 59408737 -104.961673 39.781241
1099 0 60267843 -104.939145 39.823288
1325 2 60262013 -104.965662 39.855807
2850 3 58699061 -104.835048 39.879282
1550 1 60256171 -104.928637 39.815189
2695 3 60110956 -104.982216 39.837734
1850 3 55993234 -104.909343 39.802235
2195 4 60077237 -104.962092 39.781028
1895 2 60216435 -104.946838 39.850699
2595 4 59928346 -104.859498 39.875165
3395 3 60203215 -104.893926 39.787478
975 1 58737157 -104.835775 39.783784
2000 2 48922035 -104.946746 39.882336
1000 0 60168823 -104.965388 39.781303
1900 2 60168824 -104.965388 39.781303
1115 1 55142685 -104.966273 39.842882
1249 1 51312822 -104.986204 39.834023
1895 2 60149245 -104.93777 39.774809
2500 2 60130416 -104.835222 39.795349
2925 4 55682246 -104.830518 39.790443
2500 3 52042764 -104.979378 39.873129
2795 4 60099071 -104.822033 39.782073
1699 2 51312823 -104.986204 39.834023
1499 1 52042758 -104.979378 39.873129
825 1 59394997 -104.970746 39.879363
770 1 58930478 -104.949262 39.867439
2595 3 60059421 -104.933189 39.87344
1149 1 58562437 -104.972971 39.855972
1695 3 59304761 -104.965662 39.855807
1195 1 60039345 -104.965662 39.855807
1950 2 55625701 -104.980163 39.854589
1800 2 59570224 -104.976829 39.875994
2799 3 56925622 -104.971701 39.840459
2095 3 59737723 -104.948578 39.850269
1300 1 59698343 -104.905152 39.830557
1000 0 59927714 -104.928637 39.815189
1550 2 59742640 -104.905114 39.807176
1655 2 54081479 -104.98733 39.790663
1906 3 54081480 -104.98733 39.790663
2118 4 59462051 -104.98733 39.790663
1495 2 59841975 -104.914281 39.812013
1725 2 55288985 -104.982019 39.860658
2095 3 59809280 -104.987873 39.788784
3250 4 59568851 -104.819131 39.783315
2100 2 52042760 -104.979378 39.873129
2895 3 58657994 -104.956499 39.881155
1384 1 54214631 -104.987358 39.789673
1655 2 54214632 -104.987358 39.789673
