3300 4 60215749 -72.598126 42.40656
1910 1 55753688 -72.487705 42.361794
1550 1 60107996 -72.661524 42.25839
3895 4 54849927 -72.595032 42.336601
2675 0 57496631 -72.663483 42.272973
3700 4 48538369 -72.494288 42.368115
2250 3 59788113 -72.518054 42.413729
1725 2 47580561 -72.529196 42.409739
1925 2 52991189 -72.600979 42.3362
3400 3 55164088 -72.555328 42.281225
1650 2 60059928 -72.667807 42.271869
2500 3 60047117 -72.608238 42.398597
1250 1 58469677 -72.622446 42.318143
4000 4 51122628 -72.525802 42.338797
4000 4 59570025 -72.566762 42.371346
3995 6 54946550 -72.583258 42.344328
1150 0 54046157 -72.632122 42.394868
2895 3 54853267 -72.590424 42.343555
2850 3 57066195 -72.638823 42.309622
3650 4 54853262 -72.623283 42.315051
4895 5 54853263 -72.588172 42.334886
2895 3 53534888 -72.623283 42.315051
